-6.420000 -4.725000 0.021446418678
-6.005806 -4.725000 0.027660009773
-5.591613 -4.725000 0.031193703704
-5.177419 -4.725000 0.030161541808
-4.763226 -4.725000 0.026190837238
-4.349032 -4.725000 0.022022537595
-3.934839 -4.725000 0.019037292055
-3.520645 -4.725000 0.016850060025
-3.106452 -4.725000 0.014413962596
-2.692258 -4.725000 0.012142425716
-2.278065 -4.725000 0.011020566939
-1.863871 -4.725000 0.010536588376
-1.449677 -4.725000 0.009412278140
-1.035484 -4.725000 0.007909898302
-0.621290 -4.725000 0.007466760854
-0.207097 -4.725000 0.007966222737
0.207097 -4.725000 0.007981956344
0.621290 -4.725000 0.007526195419
1.035484 -4.725000 0.008026179898
1.449677 -4.725000 0.009577571741
1.863871 -4.725000 0.010684939759
2.278065 -4.725000 0.011053111687
2.692258 -4.725000 0.012014276385
3.106452 -4.725000 0.014161420160
3.520645 -4.725000 0.016554008501
3.934839 -4.725000 0.018760153330
4.349032 -4.725000 0.021781371682
4.763226 -4.725000 0.025977478108
5.177419 -4.725000 0.029961778329
5.591613 -4.725000 0.031002629337
6.005806 -4.725000 0.027489537426
6.420000 -4.725000 0.021305873319
-6.420000 -4.420161 0.022017365455
-6.005806 -4.420161 0.028406115805
-5.591613 -4.420161 0.032165519121
-5.177419 -4.420161 0.031532630976
-4.763226 -4.420161 0.027590696415
-4.349032 -4.420161 0.023193029404
-3.934839 -4.420161 0.020204111823
-3.520645 -4.420161 0.018856486646
-3.106452 -4.420161 0.016724244649
-2.692258 -4.420161 0.014048494994
-2.278065 -4.420161 0.013039399843
-1.863871 -4.420161 0.013071221007
-1.449677 -4.420161 0.012041727622
-1.035484 -4.420161 0.010070065884
-0.621290 -4.420161 0.009665290950
-0.207097 -4.420161 0.010602184489
0.207097 -4.420161 0.010612008471
0.621290 -4.420161 0.009724041119
1.035484 -4.420161 0.010186951427
1.449677 -4.420161 0.012208296399
1.863871 -4.420161 0.013237211408
2.278065 -4.420161 0.013162772151
2.692258 -4.420161 0.013923102731
3.106452 -4.420161 0.016449357456
3.520645 -4.420161 0.018538998956
3.934839 -4.420161 0.019903739439
4.349032 -4.420161 0.022933055116
4.763226 -4.420161 0.027364896871
5.177419 -4.420161 0.031337378875
5.591613 -4.420161 0.031977889853
6.005806 -4.420161 0.028239041386
6.420000 -4.420161 0.021882726223
-6.420000 -4.115323 0.022158616832
-6.005806 -4.115323 0.028855427920
-5.591613 -4.115323 0.032648500249
-5.177419 -4.115323 0.032481257204
-4.763226 -4.115323 0.028498233315
-4.349032 -4.115323 0.023835161191
-3.934839 -4.115323 0.020613943033
-3.520645 -4.115323 0.020025100117
-3.106452 -4.115323 0.018119241749
-2.692258 -4.115323 0.015210496323
-2.278065 -4.115323 0.014245479127
-1.863871 -4.115323 0.014192099736
-1.449677 -4.115323 0.013611065380
-1.035484 -4.115323 0.011424310764
-0.621290 -4.115323 0.011033076205
-0.207097 -4.115323 0.011987093361
0.207097 -4.115323 0.011992294092
0.621290 -4.115323 0.011094240508
1.035484 -4.115323 0.011540308340
1.449677 -4.115323 0.013775205472
1.863871 -4.115323 0.014372199938
2.278065 -4.115323 0.014341998280
2.692258 -4.115323 0.015089834065
3.106452 -4.115323 0.017834709978
3.520645 -4.115323 0.019704599995
3.934839 -4.115323 0.020297112763
4.349032 -4.115323 0.023555835516
4.763226 -4.115323 0.028255808103
5.177419 -4.115323 0.032274481768
5.591613 -4.115323 0.032451700229
6.005806 -4.115323 0.028685696431
6.420000 -4.115323 0.022022639629
-6.420000 -3.810484 0.021171340572
-6.005806 -3.810484 0.028079047656
-5.591613 -3.810484 0.032648500249
-5.177419 -3.810484 0.032513871143
-4.763226 -3.810484 0.028199307074
-4.349032 -3.810484 0.023512526579
-3.934839 -3.810484 0.020544327021
-3.520645 -3.810484 0.020025100117
-3.106452 -3.810484 0.018015356665
-2.692258 -3.810484 0.014919489858
-2.278065 -3.810484 0.014153962086
-1.863871 -3.810484 0.014192099736
-1.449677 -3.810484 0.013612169036
-1.035484 -3.810484 0.011168807115
-0.621290 -3.810484 0.010822379648
-0.207097 -3.810484 0.011993169036
0.207097 -3.810484 0.011996601560
0.621290 -3.810484 0.010885548296
1.035484 -3.810484 0.011279915891
1.449677 -3.810484 0.013770283485
1.863871 -3.810484 0.014372199938
2.278065 -3.810484 0.014256641868
2.692258 -3.810484 0.014800166478
3.106452 -3.810484 0.017723922157
3.520645 -3.810484 0.019704599995
3.934839 -3.810484 0.020226733173
4.349032 -3.810484 0.023221675143
4.763226 -3.810484 0.027912546302
5.177419 -3.810484 0.032299711249
5.591613 -3.810484 0.032451700229
6.005806 -3.810484 0.027904507944
6.420000 -3.810484 0.021042764832
-6.420000 -3.505645 0.019066565740
-6.005806 -3.505645 0.025873455034
-5.591613 -3.505645 0.030550156007
-5.177419 -3.505645 0.030381222352
-4.763226 -3.505645 0.026404842084
-4.349032 -3.505645 0.022027708667
-3.934839 -3.505645 0.019291465737
-3.520645 -3.505645 0.018396775912
-3.106452 -3.505645 0.015981289890
-2.692258 -3.505645 0.013221411171
-2.278065 -3.505645 0.012427676749
-1.863871 -3.505645 0.012667940792
-1.449677 -3.505645 0.011616293363
-1.035484 -3.505645 0.009393257141
-0.621290 -3.505645 0.009054687400
-0.207097 -3.505645 0.010282242439
0.207097 -3.505645 0.010300360456
0.621290 -3.505645 0.009112761610
1.035484 -3.505645 0.009495839137
1.449677 -3.505645 0.011761094652
1.863871 -3.505645 0.012831954818
2.278065 -3.505645 0.012497376028
2.692258 -3.505645 0.013102214315
3.106452 -3.505645 0.015708839565
3.520645 -3.505645 0.018085045958
3.934839 -3.505645 0.018980638317
4.349032 -3.505645 0.021730321890
4.763226 -3.505645 0.026117102634
5.177419 -3.505645 0.030079456857
5.591613 -3.505645 0.030287276299
6.005806 -3.505645 0.025667639333
6.420000 -3.505645 0.018916733751
-6.420000 -3.200806 0.016442252113
-6.005806 -3.200806 0.022936957097
-5.591613 -3.200806 0.026969214574
-5.177419 -3.200806 0.026840307485
-4.763226 -3.200806 0.023561283219
-4.349032 -3.200806 0.019648917509
-3.934839 -3.200806 0.016797644562
-3.520645 -3.200806 0.014992881862
-3.106452 -3.200806 0.012828752778
-2.692258 -3.200806 0.010641937116
-2.278065 -3.200806 0.009576213457
-1.863871 -3.200806 0.009203199008
-1.449677 -3.200806 0.008206002161
-1.035484 -3.200806 0.006697480551
-0.621290 -3.200806 0.006260375857
-0.207097 -3.200806 0.006786853089
0.207097 -3.200806 0.006806917125
0.621290 -3.200806 0.006314139888
1.035484 -3.200806 0.006789649983
1.449677 -3.200806 0.008329321431
1.863871 -3.200806 0.009316303135
2.278065 -3.200806 0.009592228430
2.692258 -3.200806 0.010504253196
3.106452 -3.200806 0.012570875357
3.520645 -3.200806 0.014688543164
3.934839 -3.200806 0.016484556684
4.349032 -3.200806 0.019346522426
4.763226 -3.200806 0.023256360419
5.177419 -3.200806 0.026529463188
5.591613 -3.200806 0.026697018071
6.005806 -3.200806 0.022698638043
6.420000 -3.200806 0.016270274476
-6.420000 -2.895968 0.014119312433
-6.005806 -2.895968 0.020496058168
-5.591613 -2.895968 0.024315212417
-5.177419 -2.895968 0.024119338471
-4.763226 -2.895968 0.021032902177
-4.349032 -2.895968 0.017285754222
-3.934839 -2.895968 0.014378501759
-3.520645 -2.895968 0.012325531480
-3.106452 -2.895968 0.010271061245
-2.692258 -2.895968 0.008282727971
-2.278065 -2.895968 0.007107973561
-1.863871 -2.895968 0.006476941628
-1.449677 -2.895968 0.005491811735
-1.035484 -2.895968 0.004261368066
-0.621290 -2.895968 0.003764477791
-0.207097 -2.895968 0.003982745991
0.207097 -2.895968 0.003995485951
0.621290 -2.895968 0.003804979929
1.035484 -2.895968 0.004333392103
1.449677 -2.895968 0.005584532371
1.863871 -2.895968 0.006543081155
2.278065 -2.895968 0.007079943568
2.692258 -2.895968 0.008131897023
3.106452 -2.895968 0.010011317111
3.520645 -2.895968 0.012017002187
3.934839 -2.895968 0.014055601830
4.349032 -2.895968 0.016961017262
4.763226 -2.895968 0.020704654466
5.177419 -2.895968 0.023794158578
5.591613 -2.895968 0.024022431847
6.005806 -2.895968 0.020246181761
6.420000 -2.895968 0.013927913368
-6.420000 -2.591129 0.012346322264
-6.005806 -2.591129 0.019015885758
-5.591613 -2.591129 0.022813264541
-5.177419 -2.591129 0.022501033119
-4.763226 -2.591129 0.019382102906
-4.349032 -2.591129 0.015481189882
-3.934839 -2.591129 0.012560262884
-3.520645 -2.591129 0.010862240559
-3.106452 -2.591129 0.008937669152
-2.692258 -2.591129 0.006773068149
-2.278065 -2.591129 0.005562137006
-1.863871 -2.591129 0.005058021703
-1.449677 -2.591129 0.004133268767
-1.035484 -2.591129 0.002767459329
-0.621290 -2.591129 0.002244450521
-0.207097 -2.591129 0.002498527567
0.207097 -2.591129 0.002507205819
0.621290 -2.591129 0.002272354928
1.035484 -2.591129 0.002814695907
1.449677 -2.591129 0.004189171135
1.863871 -2.591129 0.005095774437
2.278065 -2.591129 0.005514966204
2.692258 -2.591129 0.006603597039
3.106452 -2.591129 0.008662432238
3.520645 -2.591129 0.010540232843
3.934839 -2.591129 0.012221781469
4.349032 -2.591129 0.015136686946
4.763226 -2.591129 0.019029315950
5.177419 -2.591129 0.022141760808
5.591613 -2.591129 0.022475522818
6.005806 -2.591129 0.018724463871
6.420000 -2.591129 0.012115393344
-6.420000 -2.286290 0.011009331172
-6.005806 -2.286290 0.018355215957
-5.591613 -2.286290 0.022330896612
-5.177419 -2.286290 0.022111106749
-4.763226 -2.286290 0.018700553029
-4.349032 -2.286290 0.014436065146
-3.934839 -2.286290 0.011357653683
-3.520645 -2.286290 0.010440730601
-3.106452 -2.286290 0.008718069594
-2.692258 -2.286290 0.006076257008
-2.278065 -2.286290 0.004909535612
-1.863871 -2.286290 0.004641110897
-1.449677 -2.286290 0.003987426835
-1.035484 -2.286290 0.002126961212
-0.621290 -2.286290 0.001590248206
-0.207097 -2.286290 0.002159843972
0.207097 -2.286290 0.002162068092
0.621290 -2.286290 0.001587529511
1.035484 -2.286290 0.002158164450
1.449677 -2.286290 0.004016977418
1.863871 -2.286290 0.004658725867
2.278065 -2.286290 0.004833999571
2.692258 -2.286290 0.005889230331
3.106452 -2.286290 0.008420769213
3.520645 -2.286290 0.010106848774
3.934839 -2.286290 0.011004130218
4.349032 -2.286290 0.014069405806
4.763226 -2.286290 0.018328301448
5.177419 -2.286290 0.021734188124
5.591613 -2.286290 0.021969826807
6.005806 -2.286290 0.018037385434
6.420000 -2.286290 0.010760610356
-6.420000 -1.981452 0.009831951590
-6.005806 -1.981452 0.017819809830
-5.591613 -1.981452 0.022220900255
-5.177419 -1.981452 0.022099821472
-4.763226 -1.981452 0.018342176197
-4.349032 -1.981452 0.013816977052
-3.934839 -1.981452 0.010936830064
-3.520645 -1.981452 0.010429600320
-3.106452 -1.981452 0.008647382025
-2.692258 -1.981452 0.005573561818
-2.278065 -1.981452 0.004642769187
-1.863871 -1.981452 0.004543099799
-1.449677 -1.981452 0.004034019797
-1.035484 -1.981452 0.001672281730
-0.621290 -1.981452 0.001253587065
-0.207097 -1.981452 0.002114382923
0.207097 -1.981452 0.002112900013
0.621290 -1.981452 0.001231756103
1.035484 -1.981452 0.001694353733
1.449677 -1.981452 0.004054029575
1.863871 -1.981452 0.004560740053
2.278065 -1.981452 0.004594049316
2.692258 -1.981452 0.005377138218
3.106452 -1.981452 0.008337267754
3.520645 -1.981452 0.010096199970
3.934839 -1.981452 0.010590590810
4.349032 -1.981452 0.013454404683
4.763226 -1.981452 0.017966260968
5.177419 -1.981452 0.021728934609
5.591613 -1.981452 0.021855300319
6.005806 -1.981452 0.017478701271
6.420000 -1.981452 0.009567083425
-6.420000 -1.676613 0.008683028170
-6.005806 -1.676613 0.016607718673
-5.591613 -1.676613 0.021691805879
-5.177419 -1.676613 0.021478616296
-4.763226 -1.676613 0.017426529985
-4.349032 -1.676613 0.013070509784
-3.934839 -1.676613 0.010570559072
-3.520645 -1.676613 0.010061015806
-3.106452 -1.676613 0.007617602677
-2.692258 -1.676613 0.004636836336
-2.278065 -1.676613 0.003928114195
-1.863871 -1.676613 0.004185552773
-1.449677 -1.676613 0.003330568137
-1.035484 -1.676613 0.000740785619
-0.621290 -1.676613 0.000369749212
-0.207097 -1.676613 0.001699890383
0.207097 -1.676613 0.001681622421
0.621290 -1.676613 0.000362597202
1.035484 -1.676613 0.000754112733
1.449677 -1.676613 0.003338183987
1.863871 -1.676613 0.004186499164
2.278065 -1.676613 0.003858440895
2.692258 -1.676613 0.004456269420
3.106452 -1.676613 0.007333255814
3.520645 -1.676613 0.009735910048
3.934839 -1.676613 0.010243694071
4.349032 -1.676613 0.012714791454
4.763226 -1.676613 0.017078008133
5.177419 -1.676613 0.021112291680
5.591613 -1.676613 0.021306459782
6.005806 -1.676613 0.016289521429
6.420000 -1.676613 0.008424365751
-6.420000 -1.371774 0.007641162683
-6.005806 -1.371774 0.015060651109
-5.591613 -1.371774 0.019582464405
-5.177419 -1.371774 0.019448928009
-4.763226 -1.371774 0.016033400743
-4.349032 -1.371774 0.012025378614
-3.934839 -1.371774 0.009453393784
-3.520645 -1.371774 0.007941559769
-3.106452 -1.371774 0.005711130904
-2.692258 -1.371774 0.003314768601
-2.278065 -1.371774 0.002428413210
-1.863871 -1.371774 0.002298775629
-1.449677 -1.371774 0.001193305801
-1.035484 -1.371774 -0.000633775505
-0.621290 -1.371774 -0.001045557426
-0.207097 -1.371774 -0.000310160952
0.207097 -1.371774 -0.000323531879
0.621290 -1.371774 -0.001046280275
1.035484 -1.371774 -0.000633702064
1.449677 -1.371774 0.001179138016
1.863871 -1.371774 0.002275714301
2.278065 -1.371774 0.002370154613
2.692258 -1.371774 0.003180949932
3.106452 -1.371774 0.005503532914
3.520645 -1.371774 0.007700271405
3.934839 -1.371774 0.009186407170
4.349032 -1.371774 0.011756598602
4.763226 -1.371774 0.015717915823
5.177419 -1.371774 0.019135160849
5.591613 -1.371774 0.019271467920
6.005806 -1.371774 0.014783497205
6.420000 -1.371774 0.007417217751
-6.420000 -1.066935 0.006916138282
-6.005806 -1.066935 0.013949360073
-5.591613 -1.066935 0.018169433566
-5.177419 -1.066935 0.018055349306
-4.763226 -1.066935 0.014885690250
-4.349032 -1.066935 0.011134308218
-3.934839 -1.066935 0.008348206880
-3.520645 -1.066935 0.006324067520
-3.106452 -1.066935 0.004184769229
-2.692258 -1.066935 0.002206049985
-2.278065 -1.066935 0.001164362989
-1.863871 -1.066935 0.000620159742
-1.449677 -1.066935 -0.000431113793
-1.035484 -1.066935 -0.001767284052
-0.621290 -1.066935 -0.002242206835
-0.207097 -1.066935 -0.001904313622
0.207097 -1.066935 -0.001913072378
0.621290 -1.066935 -0.002240563627
1.035484 -1.066935 -0.001776055212
1.449677 -1.066935 -0.000439395015
1.863871 -1.066935 0.000605072384
2.278065 -1.066935 0.001135871614
2.692258 -1.066935 0.002155544624
3.106452 -1.066935 0.004108821041
3.520645 -1.066935 0.006225210693
3.934839 -1.066935 0.008218269523
4.349032 -1.066935 0.010965134813
4.763226 -1.066935 0.014682905372
5.177419 -1.066935 0.017822611364
5.591613 -1.066935 0.017936947460
6.005806 -1.066935 0.013733935808
6.420000 -1.066935 0.006721937502
-6.420000 -0.762097 0.006567904075
-6.005806 -0.762097 0.013772118828
-5.591613 -0.762097 0.018079543803
-5.177419 -0.762097 0.017929476052
-4.763226 -0.762097 0.014658003361
-4.349032 -0.762097 0.010802297486
-3.934839 -0.762097 0.007919535649
-3.520645 -0.762097 0.005999009411
-3.106452 -0.762097 0.003930435346
-2.692258 -0.762097 0.001874479694
-2.278065 -0.762097 0.000816239533
-1.863871 -0.762097 0.000335673753
-1.449677 -0.762097 -0.000664839703
-1.035484 -0.762097 -0.002049973473
-0.621290 -0.762097 -0.002519288713
-0.207097 -0.762097 -0.002114232025
0.207097 -0.762097 -0.002116279562
0.621290 -0.762097 -0.002505965641
1.035484 -0.762097 -0.002043092154
1.449677 -0.762097 -0.000659825746
1.863871 -0.762097 0.000342042064
2.278065 -0.762097 0.000841760595
2.692258 -0.762097 0.001899181333
3.106452 -0.762097 0.003981935828
3.520645 -0.762097 0.006055850048
3.934839 -0.762097 0.007933895267
4.349032 -0.762097 0.010738139750
4.763226 -0.762097 0.014580768926
5.177419 -0.762097 0.017808495253
5.591613 -0.762097 0.017961380188
6.005806 -0.762097 0.013654877658
6.420000 -0.762097 0.006433069119
-6.420000 -0.457258 0.006572835798
-6.005806 -0.457258 0.014432373337
-5.591613 -0.457258 0.019232312573
-5.177419 -0.457258 0.019015755128
-4.763226 -0.457258 0.015340166158
-4.349032 -0.457258 0.011005318172
-3.934839 -0.457258 0.008119272249
-3.520645 -0.457258 0.006946535096
-3.106452 -0.457258 0.004930445022
-2.692258 -0.457258 0.002312357668
-2.278065 -0.457258 0.001429614001
-1.863871 -0.457258 0.001461473276
-1.449677 -0.457258 0.000526529075
-1.035484 -0.457258 -0.001495098401
-0.621290 -0.457258 -0.001875282063
-0.207097 -0.457258 -0.000917244220
0.207097 -0.457258 -0.000915463217
0.621290 -0.457258 -0.001859453498
1.035484 -0.457258 -0.001510680885
1.449677 -0.457258 0.000492567532
1.863871 -0.457258 0.001472071583
2.278065 -0.457258 0.001469845076
2.692258 -0.457258 0.002414567239
3.106452 -0.457258 0.005099019890
3.520645 -0.457258 0.007150253238
3.934839 -0.457258 0.008275966063
4.349032 -0.457258 0.011046967417
4.763226 -0.457258 0.015296990121
5.177419 -0.457258 0.018956566000
5.591613 -0.457258 0.019197171619
6.005806 -0.457258 0.014334054785
6.420000 -0.457258 0.006463495140
-6.420000 -0.152419 0.006686085251
-6.005806 -0.152419 0.015082184640
-5.591613 -0.152419 0.020090599984
-5.177419 -0.152419 0.019913937717
-4.763226 -0.152419 0.015870756402
-4.349032 -0.152419 0.011253270433
-3.934839 -0.152419 0.008278536690
-3.520645 -0.152419 0.007761710491
-3.106452 -0.152419 0.005791422361
-2.692258 -0.152419 0.002809616350
-2.278065 -0.152419 0.002089592821
-1.863871 -0.152419 0.002194519843
-1.449677 -0.152419 0.001538127981
-1.035484 -0.152419 -0.000874985601
-0.621290 -0.152419 -0.001209925965
-0.207097 -0.152419 -0.000008565707
0.207097 -0.152419 -0.000016728419
0.621290 -0.152419 -0.001203070125
1.035484 -0.152419 -0.000882852679
1.449677 -0.152419 0.001581418930
1.863871 -0.152419 0.002192159936
2.278065 -0.152419 0.002131878277
2.692258 -0.152419 0.002954201740
3.106452 -0.152419 0.006026470394
3.520645 -0.152419 0.008043550618
3.934839 -0.152419 0.008532327542
4.349032 -0.152419 0.011358078002
4.763226 -0.152419 0.015898170080
5.177419 -0.152419 0.019856306267
5.591613 -0.152419 0.020030200101
6.005806 -0.152419 0.015007996704
6.420000 -0.152419 0.006599511628
-6.420000 0.152419 0.006766241585
-6.005806 0.152419 0.015132022384
-5.591613 0.152419 0.020090599984
-5.177419 0.152419 0.019909324038
-4.763226 0.152419 0.015854108612
-4.349032 0.152419 0.011240596847
-3.934839 0.152419 0.008283660177
-3.520645 0.152419 0.007761710491
-3.106452 0.152419 0.005783260008
-2.692258 0.152419 0.002853255413
-2.278065 0.152419 0.002115667468
-1.863871 0.152419 0.002194519843
-1.449677 0.152419 0.001597246125
-1.035484 0.152419 -0.000810775125
-0.621290 0.152419 -0.001136417315
-0.207097 0.152419 -0.000015359503
0.207097 0.152419 -0.000009777901
0.621290 0.152419 -0.001146045778
1.035484 0.152419 -0.000803894379
1.449677 0.152419 0.001557702319
1.863871 0.152419 0.002192159936
2.278065 0.152419 0.002155197732
2.692258 0.152419 0.003013069524
3.106452 0.152419 0.006045098596
3.520645 0.152419 0.008043550618
3.934839 0.152419 0.008536515253
4.349032 0.152419 0.011354482770
4.763226 0.152419 0.015866437961
5.177419 0.152419 0.019854725026
5.591613 0.152419 0.020030200101
6.005806 0.152419 0.015041253323
6.420000 0.152419 0.006686276777
-6.420000 0.457258 0.006796266666
-6.005806 0.457258 0.014565502000
-5.591613 0.457258 0.019276590848
-5.177419 0.457258 0.018974055170
-4.763226 0.457258 0.015271610405
-4.349032 0.457258 0.011023073401
-3.934839 0.457258 0.008200921159
-3.520645 0.457258 0.006985351461
-3.106452 0.457258 0.005003436792
-2.692258 0.457258 0.002456030840
-2.278065 0.457258 0.001677968236
-1.863871 0.457258 0.001641448833
-1.449677 0.457258 0.000684401153
-1.035484 0.457258 -0.001288817041
-0.621290 0.457258 -0.001644497656
-0.207097 0.457258 -0.000784495205
0.207097 0.457258 -0.000786479427
0.621290 0.457258 -0.001662331037
1.035484 0.457258 -0.001280632760
1.449677 0.457258 0.000636153333
1.863871 0.457258 0.001583209845
2.278065 0.457258 0.001641518141
2.692258 0.457258 0.002604825863
3.106452 0.457258 0.005228976796
3.520645 0.457258 0.007246443483
3.934839 0.457258 0.008393446463
4.349032 0.457258 0.011080524254
4.763226 0.457258 0.015220091381
5.177419 0.457258 0.018902783498
5.591613 0.457258 0.019113615841
6.005806 0.457258 0.014462131012
6.420000 0.457258 0.006708604974
-6.420000 0.762097 0.006895020282
-6.005806 0.762097 0.014009425360
-5.591613 0.762097 0.018217952615
-5.177419 0.762097 0.017996504890
-4.763226 0.762097 0.014738934345
-4.349032 0.762097 0.010914175572
-3.934839 0.762097 0.008126898199
-3.520645 0.762097 0.006228906244
-3.106452 0.762097 0.004155531953
-2.692258 0.762097 0.002162816405
-2.278065 0.762097 0.001162421619
-1.863871 0.762097 0.000679249478
-1.449677 0.762097 -0.000324385173
-1.035484 0.762097 -0.001695942687
-0.621290 0.762097 -0.002164516563
-0.207097 0.762097 -0.001807537837
0.207097 0.762097 -0.001807635967
0.621290 0.762097 -0.002182582243
1.035484 0.762097 -0.001722254858
1.449677 0.762097 -0.000343408149
1.863871 0.762097 0.000658763077
2.278065 0.762097 0.001161982635
2.692258 0.762097 0.002238546016
3.106452 0.762097 0.004296573580
3.520645 0.762097 0.006372801245
3.934839 0.762097 0.008218702406
4.349032 0.762097 0.010928399837
4.763226 0.762097 0.014669708039
5.177419 0.762097 0.017882960487
5.591613 0.762097 0.018059564725
6.005806 0.762097 0.013851644393
6.420000 0.762097 0.006789816310
-6.420000 1.066935 0.007295037475
-6.005806 1.066935 0.014225186976
-5.591613 1.066935 0.018373852822
-5.177419 1.066935 0.018257571009
-4.763226 1.066935 0.015103602568
-4.349032 1.066935 0.011347203881
-3.934839 1.066935 0.008560370559
-3.520645 1.066935 0.006600084687
-3.106452 1.066935 0.004512872373
-2.692258 1.066935 0.002559735493
-2.278065 1.066935 0.001484487335
-1.863871 1.066935 0.000975935882
-1.449677 1.066935 -0.000045999051
-1.035484 1.066935 -0.001398547988
-0.621290 1.066935 -0.001897377842
-0.207097 1.066935 -0.001596814999
0.207097 1.066935 -0.001589207088
0.621290 1.066935 -0.001904773059
1.035484 1.066935 -0.001410107860
1.449677 1.066935 -0.000061070019
1.863871 1.066935 0.000964137507
2.278065 1.066935 0.001495271529
2.692258 1.066935 0.002560085107
3.106452 1.066935 0.004550804981
3.520645 1.066935 0.006630821615
3.934839 1.066935 0.008535643970
4.349032 1.066935 0.011298132456
4.763226 1.066935 0.015002216525
5.177419 1.066935 0.018119434984
5.591613 1.066935 0.018215388602
6.005806 1.066935 0.014074550146
6.420000 1.066935 0.007188266320
-6.420000 1.371774 0.008042374972
-6.005806 1.371774 0.015314976339
-5.591613 1.371774 0.019761737071
-5.177419 1.371774 0.019651903429
-4.763226 1.371774 0.016281010417
-4.349032 1.371774 0.012241198979
-3.934839 1.371774 0.009579182739
-3.520645 1.371774 0.008097351185
-3.106452 1.371774 0.005964447781
-2.692258 1.371774 0.003583333317
-2.278065 1.371774 0.002667212313
-1.863871 1.371774 0.002551879100
-1.449677 1.371774 0.001484724912
-1.035484 1.371774 -0.000325592808
-0.621290 1.371774 -0.000802535630
-0.207097 1.371774 -0.000122321378
0.207097 1.371774 -0.000111306704
0.621290 1.371774 -0.000811696867
1.035484 1.371774 -0.000343269671
1.449677 1.371774 0.001471583608
1.863871 1.371774 0.002527206561
2.278065 1.371774 0.002641918297
2.692258 1.371774 0.003560985035
3.106452 1.371774 0.005935688151
3.520645 1.371774 0.008047379017
3.934839 1.371774 0.009507203771
4.349032 1.371774 0.012132952913
4.763226 1.371774 0.016135673732
5.177419 1.371774 0.019473110474
5.591613 1.371774 0.019582468504
6.005806 1.371774 0.015165365545
6.420000 1.371774 0.007935369499
-6.420000 1.676613 0.009117429725
-6.005806 1.676613 0.016870034568
-5.591613 1.676613 0.021839379360
-5.177419 1.676613 0.021637028524
-4.763226 1.676613 0.017609761666
-4.349032 1.676613 0.013246150854
-3.934839 1.676613 0.010646038845
-3.520645 1.676613 0.010126591167
-3.106452 1.676613 0.007750743680
-2.692258 1.676613 0.004841586869
-2.278065 1.676613 0.004122302866
-1.863871 1.676613 0.004377326874
-1.449677 1.676613 0.003540044134
-1.035484 1.676613 0.000991165117
-0.621290 1.676613 0.000546915403
-0.207097 1.676613 0.001800758743
0.207097 1.676613 0.001816151981
0.621290 1.676613 0.000553629051
1.035484 1.676613 0.000982114192
1.449677 1.676613 0.003513252651
1.863871 1.676613 0.004342668262
2.278065 1.676613 0.004087629586
2.692258 1.676613 0.004818759012
3.106452 1.676613 0.007790036235
3.520645 1.676613 0.010025806090
3.934839 1.676613 0.010550685226
4.349032 1.676613 0.013110510704
4.763226 1.676613 0.017427747830
5.177419 1.676613 0.021413135237
5.591613 1.676613 0.021623651806
6.005806 1.676613 0.016701050427
6.420000 1.676613 0.009011273744
-6.420000 1.981452 0.010333263558
-6.005806 1.981452 0.018147321525
-5.591613 1.981452 0.022352500450
-5.177419 1.981452 0.022225652656
-4.763226 1.981452 0.018475581960
-4.349032 1.981452 0.014014209561
-3.934839 1.981452 0.011021280112
-3.520645 1.981452 0.010478499726
-3.106452 1.981452 0.008743769356
-2.692258 1.981452 0.005846721393
-2.278065 1.981452 0.004899512889
-1.863871 1.981452 0.004736660000
-1.449677 1.981452 0.004246617044
-1.035484 1.981452 0.002021689312
-0.621290 1.981452 0.001505470141
-0.207097 1.981452 0.002221458462
0.207097 1.981452 0.002222816307
0.621290 1.981452 0.001540612545
1.035484 1.981452 0.002014662079
1.449677 1.981452 0.004213711374
1.863871 1.981452 0.004695679916
2.278065 1.981452 0.004862265051
2.692258 1.981452 0.005811807311
3.106452 1.981452 0.008681648814
3.520645 1.981452 0.010375800137
3.934839 1.981452 0.010921889426
4.349032 1.981452 0.013881625621
4.763226 1.981452 0.018290714721
5.177419 1.981452 0.021978263001
5.591613 1.981452 0.022094499894
6.005806 1.981452 0.017955898890
6.420000 1.981452 0.010237144459
-6.420000 2.286290 0.011603137352
-6.005806 2.286290 0.018835887274
-5.591613 2.286290 0.022570440893
-5.177419 2.286290 0.022324253789
-4.763226 2.286290 0.019003428206
-4.349032 2.286290 0.014802727406
-3.934839 2.286290 0.011582583507
-3.520645 2.286290 0.010619769659
-3.106452 2.286290 0.009062846046
-2.692258 2.286290 0.006632932617
-2.278065 2.286290 0.005389316224
-1.863871 2.286290 0.004967063344
-1.449677 2.286290 0.004419753707
-1.035484 2.286290 0.002786075427
-0.621290 2.286290 0.002159617326
-0.207097 2.286290 0.002438074373
0.207097 2.286290 0.002439403331
0.621290 2.286290 0.002197761983
1.035484 2.286290 0.002804324935
1.449677 2.286290 0.004407980786
1.863871 2.286290 0.004941405462
2.278065 2.286290 0.005374838559
2.692258 2.286290 0.006624347126
3.106452 2.286290 0.009020014197
3.520645 2.286290 0.010537007483
3.934839 2.286290 0.011505083166
4.349032 2.286290 0.014697844096
4.763226 2.286290 0.018845464422
5.177419 2.286290 0.022100811659
5.591613 2.286290 0.022320922486
6.005806 2.286290 0.018670887754
6.420000 2.286290 0.011524073413
-6.420000 2.591129 0.012991745577
-6.005806 2.591129 0.019716600678
-5.591613 2.591129 0.023452834318
-5.177419 2.591129 0.023070380150
-4.763226 2.591129 0.019975220087
-4.349032 2.591129 0.016089650378
-3.934839 2.591129 0.013138621912
-3.520645 2.591129 0.011509307269
-3.106452 2.591129 0.009726577436
-2.692258 2.591129 0.007667110990
-2.278065 2.591129 0.006414506315
-1.863871 2.591129 0.005866407099
-1.449677 2.591129 0.005034307007
-1.035484 2.591129 0.003772724582
-0.621290 2.591129 0.003198208728
-0.207097 2.591129 0.003318316027
0.207097 2.591129 0.003326823966
0.621290 2.591129 0.003234580758
1.035484 2.591129 0.003828778999
1.449677 2.591129 0.005085424690
1.863871 2.591129 0.005903022421
2.278065 2.591129 0.006448297885
2.692258 2.591129 0.007702149299
3.106452 2.591129 0.009739633624
3.520645 2.591129 0.011486021858
3.934839 2.591129 0.013102407376
4.349032 2.591129 0.016037331347
4.763226 2.591129 0.019884603985
5.177419 2.591129 0.022931513776
5.591613 2.591129 0.023292985792
6.005806 2.591129 0.019597247926
6.420000 2.591129 0.012941983774
-6.420000 2.895968 0.014670873269
-6.005806 2.895968 0.021261524956
-5.591613 2.895968 0.025157902219
-5.177419 2.895968 0.024908508174
-4.763226 2.895968 0.021784248462
-4.349032 2.895968 0.018006632078
-3.934839 2.895968 0.015118796453
-3.520645 2.895968 0.013213335003
-3.106452 2.895968 0.011284070762
-2.692258 2.895968 0.009313786603
-2.278065 2.895968 0.008109298679
-1.863871 2.895968 0.007523619754
-1.449677 2.895968 0.006612380183
-1.035484 2.895968 0.005399431041
-0.621290 2.895968 0.004874453921
-0.207097 2.895968 0.005065010490
0.207097 2.895968 0.005076577647
0.621290 2.895968 0.004923685437
1.035484 2.895968 0.005490187997
1.449677 2.895968 0.006723009696
1.863871 2.895968 0.007627406382
2.278065 2.895968 0.008200434524
2.692258 2.895968 0.009397709280
3.106452 2.895968 0.011351358844
3.520645 2.895968 0.013251599362
3.934839 2.895968 0.015135592655
4.349032 2.895968 0.017999850855
4.763226 2.895968 0.021750570379
5.177419 2.895968 0.024839649804
5.591613 2.895968 0.025068404813
6.005806 2.895968 0.021188584460
6.420000 2.895968 0.014645438794
-6.420000 3.200806 0.016689924363
-6.005806 3.200806 0.023502194371
-5.591613 3.200806 0.027681562974
-5.177419 3.200806 0.027515329647
-4.763226 3.200806 0.024207118983
-4.349032 3.200806 0.020260022609
-3.934839 3.200806 0.017405903169
-3.520645 3.200806 0.015723737901
-3.106452 3.200806 0.013689409858
-2.692258 3.200806 0.011496214386
-2.278065 3.200806 0.010393227916
-1.863871 3.200806 0.010053874730
-1.449677 3.200806 0.009120133246
-1.035484 3.200806 0.007623080395
-0.621290 3.200806 0.007168875334
-0.207097 3.200806 0.007683866325
0.207097 3.200806 0.007688354136
0.621290 3.200806 0.007220664817
1.035484 3.200806 0.007743938442
1.449677 3.200806 0.009278414568
1.863871 3.200806 0.010206509017
2.278065 3.200806 0.010525988209
2.692258 3.200806 0.011616818147
3.106452 3.200806 0.013800529990
3.520645 3.200806 0.015812993249
3.934839 3.200806 0.017461303189
4.349032 3.200806 0.020285951729
4.763226 3.200806 0.024224614609
5.177419 3.200806 0.027513008625
5.591613 3.200806 0.027654756430
6.005806 3.200806 0.023478450827
6.420000 3.200806 0.016690243222
-6.420000 3.505645 0.018843306085
-6.005806 3.505645 0.026069282674
-5.591613 3.505645 0.030941351005
-5.177419 3.505645 0.030713568362
-4.763226 3.505645 0.026764055482
-4.349032 3.505645 0.022380813803
-3.934839 3.505645 0.019673659743
-3.520645 3.505645 0.018820296071
-3.106452 3.505645 0.016477786146
-2.692258 3.505645 0.013730423722
-2.278065 3.505645 0.012911177212
-1.863871 3.505645 0.013153385974
-1.449677 3.505645 0.012126197112
-1.035484 3.505645 0.009918563667
-0.621290 3.505645 0.009588474504
-0.207097 3.505645 0.010816286305
0.207097 3.505645 0.010811096525
0.621290 3.505645 0.009640412866
1.035484 3.505645 0.010060492955
1.449677 3.505645 0.012320859864
1.863871 3.505645 0.013338582931
2.278065 3.505645 0.013070465415
2.692258 3.505645 0.013865632653
3.106452 3.505645 0.016619986438
3.520645 3.505645 0.018939142768
3.934839 3.505645 0.019768730450
4.349032 3.505645 0.022435678120
4.763226 3.505645 0.026845885059
5.177419 3.505645 0.030779671237
5.591613 3.505645 0.030949366517
6.005806 3.505645 0.026059610255
6.420000 3.505645 0.018855832168
-6.420000 3.810484 0.020502499858
-6.005806 3.810484 0.027975870495
-5.591613 3.810484 0.032869299721
-5.177419 3.810484 0.032712166029
-4.763226 3.810484 0.028293093970
-4.349032 3.810484 0.023660689764
-3.934839 3.810484 0.020831191219
-3.520645 3.810484 0.020340399912
-3.106452 3.810484 0.018246909337
-2.692258 3.810484 0.015130204327
-2.278065 3.810484 0.014436287629
-1.863871 3.810484 0.014536099569
-1.449677 3.810484 0.013911531099
-1.035484 3.810484 0.011384320391
-0.621290 3.810484 0.011096526037
-0.207097 3.810484 0.012377347840
0.207097 3.810484 0.012374348485
0.621290 3.810484 0.011143618235
1.035484 3.810484 0.011533372656
1.449677 3.810484 0.014125295797
1.863871 3.810484 0.014742800009
2.278065 3.810484 0.014612704081
2.692258 3.810484 0.015281475609
3.106452 3.810484 0.018394747016
3.520645 3.810484 0.020449900262
3.934839 3.810484 0.020933513414
4.349032 3.810484 0.023720009982
4.763226 3.810484 0.028333173846
5.177419 3.810484 0.032715533843
5.591613 3.810484 0.032855800280
6.005806 3.810484 0.027963204352
6.420000 3.810484 0.020510939877
-6.420000 4.115323 0.021193069598
-6.005806 4.115323 0.028550961239
-5.591613 4.115323 0.032869299721
-5.177419 4.115323 0.032680703216
-4.763226 4.115323 0.028477812564
-4.349032 4.115323 0.023833449176
-3.934839 4.115323 0.020859374220
-3.520645 4.115323 0.020340399912
-3.106452 4.115323 0.018281215656
-2.692258 4.115323 0.015260678193
-2.278065 4.115323 0.014466229927
-1.863871 4.115323 0.014536099569
-1.449677 4.115323 0.013885216624
-1.035484 4.115323 0.011499585517
-0.621290 4.115323 0.011199825695
-0.207097 4.115323 0.012372642272
0.207097 4.115323 0.012367776112
0.621290 4.115323 0.011249844391
1.035484 4.115323 0.011647713243
1.449677 4.115323 0.014095774975
1.863871 4.115323 0.014742800009
2.278065 4.115323 0.014650230762
2.692258 4.115323 0.015415726146
3.106452 4.115323 0.018421395988
3.520645 4.115323 0.020449900262
3.934839 4.115323 0.020960507743
4.349032 4.115323 0.023889728218
4.763226 4.115323 0.028499050576
5.177419 4.115323 0.032676358642
5.591613 4.115323 0.032855800280
6.005806 4.115323 0.028540230242
6.420000 4.115323 0.021203507831
-6.420000 4.420161 0.020836158255
-6.005806 4.420161 0.027832169182
-5.591613 4.420161 0.032019032442
-5.177419 4.420161 0.031410767032
-4.763226 4.420161 0.027342762964
-4.349032 4.420161 0.022974219707
-3.934839 4.420161 0.020207730411
-3.520645 4.420161 0.018979389129
-3.106452 4.420161 0.016740503017
-2.692258 4.420161 0.013980588056
-2.278065 4.420161 0.013188934685
-1.863871 4.420161 0.013312497337
-1.449677 4.420161 0.012214062504
-1.035484 4.420161 0.010079841274
-0.621290 4.420161 0.009753201731
-0.207097 4.420161 0.010892736961
0.207097 4.420161 0.010900457888
0.621290 4.420161 0.009811802352
1.035484 4.420161 0.010221757710
1.449677 4.420161 0.012413170041
1.863871 4.420161 0.013519382963
2.278065 4.420161 0.013308776093
2.692258 4.420161 0.014135983009
3.106452 4.420161 0.016881618289
3.520645 4.420161 0.019094375176
3.934839 4.420161 0.020291873816
4.349032 4.420161 0.023007552812
4.763226 4.420161 0.027339214437
5.177419 4.420161 0.031379425763
5.591613 4.420161 0.031993914959
6.005806 4.420161 0.027817003366
6.420000 4.420161 0.020837748185
-6.420000 4.725000 0.020016856291
-6.005806 4.725000 0.026721686674
-5.591613 4.725000 0.030461280651
-5.177419 4.725000 0.029482631170
-4.763226 4.725000 0.025573242617
-4.349032 4.725000 0.021497762834
-3.934839 4.725000 0.018692266458
-3.520645 4.725000 0.016644106094
-3.106452 4.725000 0.014201119114
-2.692258 4.725000 0.011917931970
-2.278065 4.725000 0.010935989534
-1.863871 4.725000 0.010601214137
-1.449677 4.725000 0.009440055805
-1.035484 4.725000 0.007826419495
-0.621290 4.725000 0.007451244242
-0.207097 4.725000 0.008126497388
0.207097 4.725000 0.008142229347
0.621290 4.725000 0.007516229470
1.035484 4.725000 0.007963058999
1.449677 4.725000 0.009631482547
1.863871 4.725000 0.010804783488
2.278065 4.725000 0.011117414730
2.692258 4.725000 0.012071377824
3.106452 4.725000 0.014334323053
3.520645 4.725000 0.016748638378
3.934839 4.725000 0.018752982520
4.349032 4.725000 0.021509993642
4.763226 4.725000 0.025550466556
5.177419 4.725000 0.029445867231
5.591613 4.725000 0.030429866179
6.005806 4.725000 0.026702707930
6.420000 4.725000 0.020014185180
