-6.420000 -4.725000 0.026340649740
-6.005806 -4.725000 0.030168301197
-5.591613 -4.725000 0.032369374860
-5.177419 -4.725000 0.031721675519
-4.763226 -4.725000 0.028348188210
-4.349032 -4.725000 0.024120773023
-3.934839 -4.725000 0.021091575559
-3.520645 -4.725000 0.019666116410
-3.106452 -4.725000 0.017870189973
-2.692258 -4.725000 0.015489899092
-2.278065 -4.725000 0.014237669931
-1.863871 -4.725000 0.014167180061
-1.449677 -4.725000 0.013558153892
-1.035484 -4.725000 0.011885461531
-0.621290 -4.725000 0.011217824034
-0.207097 -4.725000 0.011669851165
0.207097 -4.725000 0.011787902529
0.621290 -4.725000 0.011326437293
1.035484 -4.725000 0.011864143783
1.449677 -4.725000 0.013398808397
1.863871 -4.725000 0.014149932357
2.278065 -4.725000 0.014305977514
2.692258 -4.725000 0.015399499158
3.106452 -4.725000 0.017577115324
3.520645 -4.725000 0.018997318979
3.934839 -4.725000 0.020261404098
4.349032 -4.725000 0.023604753759
4.763226 -4.725000 0.027988726655
5.177419 -4.725000 0.031458047570
5.591613 -4.725000 0.032160358989
6.005806 -4.725000 0.029982547938
6.420000 -4.725000 0.026176021380
-6.420000 -4.420161 0.026732576809
-6.005806 -4.420161 0.030574342916
-5.591613 -4.420161 0.032633198173
-5.177419 -4.420161 0.032332356685
-4.763226 -4.420161 0.028743951085
-4.349032 -4.420161 0.024232731587
-3.934839 -4.420161 0.020787889420
-3.520645 -4.420161 0.019926985983
-3.106452 -4.420161 0.018403927808
-2.692258 -4.420161 0.015885529415
-2.278065 -4.420161 0.014491868041
-1.863871 -4.420161 0.014206386804
-1.449677 -4.420161 0.013789535050
-1.035484 -4.420161 0.012204937004
-0.621290 -4.420161 0.011571287653
-0.207097 -4.420161 0.011965241763
0.207097 -4.420161 0.011994744258
0.621290 -4.420161 0.011647771123
1.035484 -4.420161 0.012277693733
1.449677 -4.420161 0.013883671228
1.863871 -4.420161 0.014372971834
2.278065 -4.420161 0.014577615138
2.692258 -4.420161 0.015804439695
3.106452 -4.420161 0.018153971911
3.520645 -4.420161 0.019583877080
3.934839 -4.420161 0.020327932904
4.349032 -4.420161 0.023866483385
4.763226 -4.420161 0.028451015411
5.177419 -4.420161 0.032124991613
5.591613 -4.420161 0.032435621191
6.005806 -4.420161 0.030393573839
6.420000 -4.420161 0.026572331307
-6.420000 -4.115323 0.026987599958
-6.005806 -4.115323 0.030842925883
-5.591613 -4.115323 0.032648499450
-5.177419 -4.115323 0.032510148072
-4.763226 -4.115323 0.028947688208
-4.349032 -4.115323 0.024263079274
-3.934839 -4.115323 0.020655627049
-3.520645 -4.115323 0.020025100375
-3.106452 -4.115323 0.018653216753
-2.692258 -4.115323 0.016093870620
-2.278065 -4.115323 0.014580348049
-1.863871 -4.115323 0.014192099656
-1.449677 -4.115323 0.013872805386
-1.035484 -4.115323 0.012375744840
-0.621290 -4.115323 0.011747573333
-0.207097 -4.115323 0.011998044692
0.207097 -4.115323 0.011999588701
0.621290 -4.115323 0.011801599415
1.035484 -4.115323 0.012496503340
1.449677 -4.115323 0.014051018328
1.863871 -4.115323 0.014372200092
2.278065 -4.115323 0.014683327325
2.692258 -4.115323 0.015995797672
3.106452 -4.115323 0.018389766982
3.520645 -4.115323 0.019704599560
3.934839 -4.115323 0.020338789416
4.349032 -4.115323 0.023961457188
4.763226 -4.115323 0.028682686048
5.177419 -4.115323 0.032303877136
5.591613 -4.115323 0.032451700323
6.005806 -4.115323 0.030662970984
6.420000 -4.115323 0.026826346476
-6.420000 -3.810484 0.026707689814
-6.005806 -3.810484 0.030684825523
-5.591613 -3.810484 0.032648499450
-5.177419 -3.810484 0.032516445999
-4.763226 -3.810484 0.028770760459
-4.349032 -3.810484 0.024075458647
-3.934839 -3.810484 0.020641009947
-3.520645 -3.810484 0.020025100375
-3.106452 -3.810484 0.018618134647
-2.692258 -3.810484 0.015880654884
-2.278065 -3.810484 0.014565942257
-1.863871 -3.810484 0.014192099656
-1.449677 -3.810484 0.013849860749
-1.035484 -3.810484 0.012134085409
-0.621290 -3.810484 0.011604179814
-0.207097 -3.810484 0.011997380963
0.207097 -3.810484 0.011999142930
0.621290 -3.810484 0.011647242537
1.035484 -3.810484 0.012246295725
1.449677 -3.810484 0.014025203714
1.863871 -3.810484 0.014372200092
2.278065 -3.810484 0.014654535902
2.692258 -3.810484 0.015723770882
3.106452 -3.810484 0.018320689683
3.520645 -3.810484 0.019704599560
3.934839 -3.810484 0.020314371886
4.349032 -3.810484 0.023770961571
4.763226 -3.810484 0.028512841729
5.177419 -3.810484 0.032301435041
5.591613 -3.810484 0.032451700323
6.005806 -3.810484 0.030503830785
6.420000 -3.810484 0.026548353693
-6.420000 -3.505645 0.025584982241
-6.005806 -3.505645 0.029537302814
-5.591613 -3.505645 0.032339794153
-5.177419 -3.505645 0.032049094718
-4.763226 -3.505645 0.027723985606
-4.349032 -3.505645 0.023199729296
-3.934839 -3.505645 0.020312864922
-3.520645 -3.505645 0.019811342272
-3.106452 -3.505645 0.017757434874
-2.692258 -3.505645 0.014904688746
-2.278065 -3.505645 0.013904856770
-1.863871 -3.505645 0.013990594303
-1.449677 -3.505645 0.013319376680
-1.035484 -3.505645 0.011071487142
-0.621290 -3.505645 0.010570165267
-0.207097 -3.505645 0.011718439369
0.207097 -3.505645 0.011722025312
0.621290 -3.505645 0.010588464381
1.035484 -3.505645 0.011108137758
1.449677 -3.505645 0.013434523242
1.863871 -3.505645 0.014126406144
2.278065 -3.505645 0.013858288193
2.692258 -3.505645 0.014627447305
3.106452 -3.505645 0.017412944773
3.520645 -3.505645 0.019494696131
3.934839 -3.505645 0.019996282396
4.349032 -3.505645 0.022887666880
4.763226 -3.505645 0.027431859339
5.177419 -3.505645 0.031801183347
5.591613 -3.505645 0.032104716456
6.005806 -3.505645 0.029324426025
6.420000 -3.505645 0.025402495328
-6.420000 -3.200806 0.023597653239
-6.005806 -3.200806 0.027214792632
-5.591613 -3.200806 0.029514078128
-5.177419 -3.200806 0.028944287779
-4.763226 -3.200806 0.025437085913
-4.349032 -3.200806 0.021250965877
-3.934839 -3.200806 0.018473178239
-3.520645 -3.200806 0.017338440742
-3.106452 -3.200806 0.015320324628
-2.692258 -3.200806 0.012890258692
-2.278065 -3.200806 0.011739448759
-1.863871 -3.200806 0.011640307262
-1.449677 -3.200806 0.010741340451
-1.035484 -3.200806 0.008919613163
-0.621290 -3.200806 0.008223159249
-0.207097 -3.200806 0.008736717740
0.207097 -3.200806 0.008740468132
0.621290 -3.200806 0.008203689493
1.035484 -3.200806 0.008815521879
1.449677 -3.200806 0.010499785669
1.863871 -3.200806 0.011270009412
2.278065 -3.200806 0.011259244859
2.692258 -3.200806 0.012448352138
3.106452 -3.200806 0.014927692530
3.520645 -3.200806 0.017005729494
3.934839 -3.200806 0.018158393294
4.349032 -3.200806 0.020942619821
4.763226 -3.200806 0.025127606809
5.177419 -3.200806 0.028601186474
5.591613 -3.200806 0.029224845200
6.005806 -3.200806 0.026969082623
6.420000 -3.200806 0.023400814530
-6.420000 -2.895968 0.021299932483
-6.005806 -2.895968 0.024400080356
-5.591613 -2.895968 0.026023241526
-5.177419 -2.895968 0.025438399210
-4.763226 -2.895968 0.022591643893
-4.349032 -2.895968 0.018677280981
-3.934839 -2.895968 0.015601718746
-3.520645 -2.895968 0.013989673270
-3.106452 -2.895968 0.012437305614
-2.692258 -2.895968 0.010410060258
-2.278065 -2.895968 0.008973441223
-1.863871 -2.895968 0.008323078193
-1.449677 -2.895968 0.007576836581
-1.035484 -2.895968 0.006329489452
-0.621290 -2.895968 0.005329439890
-0.207097 -2.895968 0.004867711904
0.207097 -2.895968 0.004862375211
0.621290 -2.895968 0.005270598834
1.035484 -2.895968 0.006109303077
1.449677 -2.895968 0.006910901951
1.863871 -2.895968 0.007293391388
2.278065 -2.895968 0.008058554892
2.692258 -2.895968 0.009870967486
3.106452 -2.895968 0.012021006541
3.520645 -2.895968 0.013635135360
3.934839 -2.895968 0.015268373135
4.349032 -2.895968 0.018349038101
4.763226 -2.895968 0.022264506421
5.177419 -2.895968 0.025103424043
5.591613 -2.895968 0.025687248507
6.005806 -2.895968 0.024122483407
6.420000 -2.895968 0.021071548510
-6.420000 -2.591129 0.019245943426
-6.005806 -2.591129 0.022162641812
-5.591613 -2.591129 0.023216464083
-5.177419 -2.591129 0.022874826307
-4.763226 -2.591129 0.020312414411
-4.349032 -2.591129 0.016302998834
-3.934839 -2.591129 0.012642413453
-3.520645 -2.591129 0.011297986651
-3.106452 -2.591129 0.010243321035
-2.692258 -2.591129 0.008285676157
-2.278065 -2.591129 0.006456116925
-1.863871 -2.591129 0.005576456444
-1.449677 -2.591129 0.005227761852
-1.035484 -2.591129 0.004239676556
-0.621290 -2.591129 0.003194110716
-0.207097 -2.591129 0.002351008795
0.207097 -2.591129 0.002347979051
0.621290 -2.591129 0.003128809838
1.035484 -2.591129 0.004030747775
1.449677 -2.591129 0.004676612016
1.863871 -2.591129 0.004789386925
2.278065 -2.591129 0.005761561689
2.692258 -2.591129 0.007806941917
3.106452 -2.591129 0.009850792309
3.520645 -2.591129 0.010944182210
3.934839 -2.591129 0.012288716104
4.349032 -2.591129 0.015959980366
4.763226 -2.591129 0.019964238426
5.177419 -2.591129 0.022503402365
5.591613 -2.591129 0.022827701855
6.005806 -2.591129 0.021832868198
6.420000 -2.591129 0.018976176739
-6.420000 -2.286290 0.017686346907
-6.005806 -2.286290 0.020964636471
-5.591613 -2.286290 0.022220899960
-5.177419 -2.286290 0.022113788014
-4.763226 -2.286290 0.019191610401
-4.349032 -2.286290 0.014915534154
-3.934839 -2.286290 0.011120037970
-3.520645 -2.286290 0.010429600105
-3.106452 -2.286290 0.009332269371
-2.692258 -2.286290 0.007058470237
-2.278065 -2.286290 0.005265560318
-1.863871 -2.286290 0.004543100280
-1.449677 -2.286290 0.004309923490
-1.035484 -2.286290 0.003088241953
-0.621290 -2.286290 0.002205741514
-0.207097 -2.286290 0.002121577468
0.207097 -2.286290 0.002120862726
0.621290 -2.286290 0.002146961420
1.035484 -2.286290 0.003008199573
1.449677 -2.286290 0.004259438267
1.863871 -2.286290 0.004560739858
2.278065 -2.286290 0.004996017474
2.692258 -2.286290 0.006731045056
3.106452 -2.286290 0.008986561531
3.520645 -2.286290 0.010096200313
3.934839 -2.286290 0.010772172385
4.349032 -2.286290 0.014559115548
4.763226 -2.286290 0.018826636537
5.177419 -2.286290 0.021739787374
5.591613 -2.286290 0.021855300417
6.005806 -2.286290 0.020608705346
6.420000 -2.286290 0.017399162685
-6.420000 -1.981452 0.016438814051
-6.005806 -1.981452 0.020370870071
-5.591613 -1.981452 0.022220899960
-5.177419 -1.981452 0.022108416279
-4.763226 -1.981452 0.018765160067
-4.349032 -1.981452 0.014321580071
-3.934839 -1.981452 0.011018659460
-3.520645 -1.981452 0.010429600105
-3.106452 -1.981452 0.009079601373
-2.692258 -1.981452 0.006486189276
-2.278065 -1.981452 0.004945582328
-1.863871 -1.981452 0.004543100280
-1.449677 -1.981452 0.004195802421
-1.035484 -1.981452 0.002596176109
-0.621290 -1.981452 0.001897798141
-0.207097 -1.981452 0.002120000600
0.207097 -1.981452 0.002119173560
0.621290 -1.981452 0.001870365458
1.035484 -1.981452 0.002597563077
1.449677 -1.981452 0.004211232900
1.863871 -1.981452 0.004560739858
2.278065 -1.981452 0.004888717151
2.692258 -1.981452 0.006269659331
3.106452 -1.981452 0.008758981152
3.520645 -1.981452 0.010096200313
3.934839 -1.981452 0.010677404723
4.349032 -1.981452 0.013968065910
4.763226 -1.981452 0.018399545958
5.177419 -1.981452 0.021739708134
5.591613 -1.981452 0.021855300417
6.005806 -1.981452 0.020015751945
6.420000 -1.981452 0.016129736377
-6.420000 -1.676613 0.015283576494
-6.005806 -1.676613 0.019727202280
-5.591613 -1.676613 0.022220899960
-5.177419 -1.676613 0.022029423178
-4.763226 -1.676613 0.018375015824
-4.349032 -1.676613 0.013997371724
-3.934839 -1.676613 0.010969488803
-3.520645 -1.676613 0.010429600105
-3.106452 -1.676613 0.008835510101
-2.692258 -1.676613 0.006021271684
-2.278065 -1.676613 0.004783903486
-1.863871 -1.676613 0.004543100280
-1.449677 -1.676613 0.004118974792
-1.035484 -1.676613 0.002170600932
-0.621290 -1.676613 0.001588074657
-0.207097 -1.676613 0.002120494002
0.207097 -1.676613 0.002113194177
0.621290 -1.676613 0.001577693430
1.035484 -1.676613 0.002208199952
1.449677 -1.676613 0.004149966880
1.863871 -1.676613 0.004560739858
2.278065 -1.676613 0.004760731513
2.692258 -1.676613 0.005863226814
3.106452 -1.676613 0.008542332088
3.520645 -1.676613 0.010096200313
3.934839 -1.676613 0.010629682614
4.349032 -1.676613 0.013646460121
4.763226 -1.676613 0.018038795798
5.177419 -1.676613 0.021669675585
5.591613 -1.676613 0.021855300417
6.005806 -1.676613 0.019356389639
6.420000 -1.676613 0.014973884238
-6.420000 -1.371774 0.014154085563
-6.005806 -1.371774 0.018657972403
-5.591613 -1.371774 0.021483274302
-5.177419 -1.371774 0.021095283623
-4.763226 -1.371774 0.017579096577
-4.349032 -1.371774 0.013479978395
-3.934839 -1.371774 0.010697580856
-3.520645 -1.371774 0.009800077803
-3.106452 -1.371774 0.007883048476
-2.692258 -1.371774 0.005322131055
-2.278065 -1.371774 0.004194010522
-1.863871 -1.371774 0.004078704732
-1.449677 -1.371774 0.003322980570
-1.035484 -1.371774 0.001465534344
-0.621290 -1.371774 0.000959190607
-0.207097 -1.371774 0.001708394052
0.207097 -1.371774 0.001683390009
0.621290 -1.371774 0.000963590402
1.035484 -1.371774 0.001515915409
1.449677 -1.371774 0.003419434246
1.863871 -1.371774 0.004219501198
2.278065 -1.371774 0.004239726128
2.692258 -1.371774 0.005227091154
3.106452 -1.371774 0.007664358948
3.520645 -1.371774 0.009511219914
3.934839 -1.371774 0.010417552361
4.349032 -1.371774 0.013218274322
4.763226 -1.371774 0.017289052676
5.177419 -1.371774 0.020786410025
5.591613 -1.371774 0.021114851095
6.005806 -1.371774 0.018350485860
6.420000 -1.371774 0.013875425563
-6.420000 -1.066935 0.013264415538
-6.005806 -1.066935 0.017596115183
-5.591613 -1.066935 0.020131084234
-5.177419 -1.066935 0.019669005719
-4.763226 -1.066935 0.016632629408
-4.349032 -1.066935 0.012818959460
-3.934839 -1.066935 0.010057879875
-3.520645 -1.066935 0.008450043823
-3.106452 -1.066935 0.006591014351
-2.692258 -1.066935 0.004478752371
-2.278065 -1.066935 0.003285526937
-1.863871 -1.066935 0.002876068547
-1.449677 -1.066935 0.002012197698
-1.035484 -1.066935 0.000639012460
-0.621290 -1.066935 0.000120469956
-0.207097 -1.066935 0.000499590759
0.207097 -1.066935 0.000487647270
0.621290 -1.066935 0.000126691971
1.035484 -1.066935 0.000669811675
1.449677 -1.066935 0.002104076612
1.863871 -1.066935 0.003001635064
2.278065 -1.066935 0.003363521484
2.692258 -1.066935 0.004473754981
3.106452 -1.066935 0.006523148304
3.520645 -1.066935 0.008353861732
3.934839 -1.066935 0.009942672661
4.349032 -1.066935 0.012679372201
4.763226 -1.066935 0.016463974860
5.177419 -1.066935 0.019459334698
5.591613 -1.066935 0.019903043268
6.005806 -1.066935 0.017346049363
6.420000 -1.066935 0.013016462488
-6.420000 -0.762097 0.012772082453
-6.005806 -0.762097 0.017205118058
-5.591613 -0.762097 0.019705302780
-5.177419 -0.762097 0.019293292607
-4.763226 -0.762097 0.016194722989
-4.349032 -0.762097 0.012251639950
-3.934839 -0.762097 0.009199934888
-3.520645 -0.762097 0.007686352489
-3.106452 -0.762097 0.006051654962
-2.692258 -0.762097 0.003917056746
-2.278065 -0.762097 0.002647680318
-1.863871 -0.762097 0.002198347988
-1.449677 -0.762097 0.001456176231
-1.035484 -0.762097 0.000119057236
-0.621290 -0.762097 -0.000415820025
-0.207097 -0.762097 -0.000130971821
0.207097 -0.762097 -0.000135982528
0.621290 -0.762097 -0.000407250227
1.035484 -0.762097 0.000151219364
1.449677 -0.762097 0.001508974109
1.863871 -0.762097 0.002257923670
2.278065 -0.762097 0.002711021048
2.692258 -0.762097 0.003975280381
3.106452 -0.762097 0.006137312629
3.520645 -0.762097 0.007806079156
3.934839 -0.762097 0.009288604172
4.349032 -0.762097 0.012247307472
4.763226 -0.762097 0.016160073797
5.177419 -0.762097 0.019200543979
5.591613 -0.762097 0.019612516484
6.005806 -0.762097 0.017049739235
6.420000 -0.762097 0.012589211095
-6.420000 -0.457258 0.012689889728
-6.005806 -0.457258 0.017411285481
-5.591613 -0.457258 0.020046415207
-5.177419 -0.457258 0.019818130230
-4.763226 -0.457258 0.016326276685
-4.349032 -0.457258 0.011930303481
-3.934839 -0.457258 0.008503215407
-3.520645 -0.457258 0.007688749097
-3.106452 -0.457258 0.006218357580
-2.692258 -0.457258 0.003777953362
-2.278065 -0.457258 0.002482304811
-1.863871 -0.457258 0.002179708322
-1.449677 -0.457258 0.001696117179
-1.035484 -0.457258 0.000065437971
-0.621290 -0.457258 -0.000483528359
-0.207097 -0.457258 -0.000036453736
0.207097 -0.457258 -0.000042612629
0.621290 -0.457258 -0.000482378084
1.035484 -0.457258 0.000068030491
1.449677 -0.457258 0.001710461217
1.863871 -0.457258 0.002184107082
2.278065 -0.457258 0.002525458668
2.692258 -0.457258 0.003897167058
3.106452 -0.457258 0.006418953140
3.520645 -0.457258 0.007949739447
3.934839 -0.457258 0.008736263452
4.349032 -0.457258 0.012030395222
4.763226 -0.457258 0.016329305985
5.177419 -0.457258 0.019760362306
5.591613 -0.457258 0.019992167807
6.005806 -0.457258 0.017300580252
6.420000 -0.457258 0.012534241342
-6.420000 -0.152419 0.012778837026
-6.005806 -0.152419 0.017657527038
-5.591613 -0.152419 0.020090599761
-5.177419 -0.152419 0.019947226934
-4.763226 -0.152419 0.016421050417
-4.349032 -0.152419 0.011804723294
-3.934839 -0.152419 0.008352671442
-3.520645 -0.152419 0.007761710089
-3.106452 -0.152419 0.006358231468
-2.692258 -0.152419 0.003803209469
-2.278065 -0.152419 0.002481221284
-1.863871 -0.152419 0.002194520326
-1.449677 -0.152419 0.001830262566
-1.035484 -0.152419 0.000159236503
-0.621290 -0.152419 -0.000405426178
-0.207097 -0.152419 -0.000004022334
0.207097 -0.152419 -0.000005566445
0.621290 -0.152419 -0.000411750467
1.035484 -0.152419 0.000157880149
1.449677 -0.152419 0.001827446051
1.863871 -0.152419 0.002192160051
2.278065 -0.152419 0.002520477364
2.692258 -0.152419 0.003949699646
3.106452 -0.152419 0.006604373508
3.520645 -0.152419 0.008043550003
3.934839 -0.152419 0.008613660597
4.349032 -0.152419 0.011943070183
4.763226 -0.152419 0.016453971713
5.177419 -0.152419 0.019891342262
5.591613 -0.152419 0.020030200113
6.005806 -0.152419 0.017565859334
6.420000 -0.152419 0.012648212046
-6.420000 0.152419 0.012868504901
-6.005806 0.152419 0.017694977485
-5.591613 0.152419 0.020090599761
-5.177419 0.152419 0.019942945388
-4.763226 0.152419 0.016391120074
-4.349032 0.152419 0.011779945430
-3.934839 0.152419 0.008349670959
-3.520645 0.152419 0.007761710089
-3.106452 0.152419 0.006358198262
-2.692258 0.152419 0.003821484434
-2.278065 0.152419 0.002490392975
-1.863871 0.152419 0.002194520326
-1.449677 0.152419 0.001837051770
-1.035484 0.152419 0.000202164704
-0.621290 0.152419 -0.000378398815
-0.207097 0.152419 -0.000005118708
0.207097 0.152419 -0.000004687265
0.621290 0.152419 -0.000382656423
1.035484 0.152419 0.000192827647
1.449677 0.152419 0.001829997934
1.863871 0.152419 0.002192160051
2.278065 0.152419 0.002527528632
2.692258 0.152419 0.003969748716
3.106452 0.152419 0.006607031673
3.520645 0.152419 0.008043550003
3.934839 0.152419 0.008612933984
4.349032 0.152419 0.011919803566
4.763226 0.152419 0.016422125134
5.177419 0.152419 0.019888954878
5.591613 0.152419 0.020030200113
6.005806 0.152419 0.017600649419
6.420000 0.152419 0.012747520167
-6.420000 0.457258 0.012955551405
-6.005806 0.457258 0.017535778759
-5.591613 0.457258 0.020054905886
-5.177419 0.457258 0.019789705980
-4.763226 0.457258 0.016255660419
-4.349032 0.457258 0.011888598187
-3.934839 0.457258 0.008529853754
-3.520645 0.457258 0.007690491028
-3.106452 0.457258 0.006247884941
-2.692258 0.457258 0.003849630833
-2.278065 0.457258 0.002563325112
-1.863871 0.457258 0.002225078467
-1.449677 0.457258 0.001758974392
-1.035484 0.457258 0.000200747049
-0.621290 0.457258 -0.000369984828
-0.207097 0.457258 -0.000021367125
0.207097 0.457258 -0.000015651063
0.621290 0.457258 -0.000374656060
1.035484 0.457258 0.000193954666
1.449677 0.457258 0.001744866314
1.863871 0.457258 0.002197898607
2.278065 0.457258 0.002573405462
2.692258 0.457258 0.003978265367
3.106452 0.457258 0.006470936449
3.520645 0.457258 0.007960524796
3.934839 0.457258 0.008765366428
4.349032 0.457258 0.011973154131
4.763226 0.457258 0.016235287650
5.177419 0.457258 0.019723643596
5.591613 0.457258 0.019958425265
6.005806 0.457258 0.017433760672
6.420000 0.457258 0.012833911660
-6.420000 0.762097 0.013195235421
-6.005806 0.762097 0.017440239322
-5.591613 0.762097 0.019827959043
-5.177419 0.762097 0.019329246389
-4.763226 0.762097 0.016216314215
-4.349032 0.762097 0.012243452595
-3.934839 0.762097 0.009264964418
-3.520645 0.762097 0.007790603227
-3.106452 0.762097 0.006167943409
-2.692258 0.762097 0.004097334204
-2.278065 0.762097 0.002853134946
-1.863871 0.762097 0.002409547714
-1.449677 0.762097 0.001688346496
-1.035484 0.762097 0.000372264135
-0.621290 0.762097 -0.000212535194
-0.207097 0.762097 -0.000001909363
0.207097 0.762097 0.000004122698
0.621290 0.762097 -0.000215716636
1.035484 0.762097 0.000350121613
1.449677 0.762097 0.001652143395
1.863871 0.762097 0.002356783193
2.278065 0.762097 0.002818021858
2.692258 0.762097 0.004139611826
3.106452 0.762097 0.006298871893
3.520645 0.762097 0.007956621306
3.934839 0.762097 0.009397771698
4.349032 0.762097 0.012286776942
4.763226 0.762097 0.016171164450
5.177419 0.762097 0.019233636661
5.591613 0.762097 0.019692310482
6.005806 0.762097 0.017306715724
6.420000 0.762097 0.013065014992
-6.420000 1.066935 0.013801338728
-6.005806 1.066935 0.017914905679
-5.591613 1.066935 0.020325785620
-5.177419 1.066935 0.019826695810
-4.763226 1.066935 0.016748515858
-4.349032 1.066935 0.012913310578
-3.934839 1.066935 0.010122893102
-3.520645 1.066935 0.008578692217
-3.106452 1.066935 0.006790514561
-2.692258 1.066935 0.004740059011
-2.278065 1.066935 0.003565723908
-1.863871 1.066935 0.003203863222
-1.449677 1.066935 0.002363105113
-1.035484 1.066935 0.000930202139
-0.621290 1.066935 0.000349612952
-0.207097 1.066935 0.000672874166
0.207097 1.066935 0.000688637326
0.621290 1.066935 0.000354955230
1.035484 1.066935 0.000914873406
1.449677 1.066935 0.002318859674
1.863871 1.066935 0.003125901438
2.278065 1.066935 0.003483496110
2.692258 1.066935 0.004691972669
3.106452 1.066935 0.006800281165
3.520645 1.066935 0.008602938674
3.934839 1.066935 0.010104215411
4.349032 1.066935 0.012890435931
4.763226 1.066935 0.016659676033
5.177419 1.066935 0.019695272793
5.591613 1.066935 0.020167520160
6.005806 1.066935 0.017774799205
6.420000 1.066935 0.013680695483
-6.420000 1.371774 0.014769974278
-6.005806 1.371774 0.018991593094
-5.591613 1.371774 0.021639957118
-5.177419 1.371774 0.021282934301
-4.763226 1.371774 0.017766989736
-4.349032 1.371774 0.013642538957
-3.934839 1.371774 0.010769555950
-3.520645 1.371774 0.009869972512
-3.106452 1.371774 0.008042464813
-2.692258 1.371774 0.005561480658
-2.278065 1.371774 0.004487009617
-1.863871 1.371774 0.004439093601
-1.449677 1.371774 0.003645327947
-1.035484 1.371774 0.001755781350
-0.621290 1.371774 0.001158252058
-0.207097 1.371774 0.001829823385
0.207097 1.371774 0.001854171560
0.621290 1.371774 0.001163119169
1.035484 1.371774 0.001732451010
1.449677 1.371774 0.003606527469
1.863871 1.371774 0.004293808743
2.278065 1.371774 0.004361909837
2.692258 1.371774 0.005483753332
3.106452 1.371774 0.007971971571
3.520645 1.371774 0.009784765689
3.934839 1.371774 0.010697663572
4.349032 1.371774 0.013546294828
4.763226 1.371774 0.017619991226
5.177419 1.371774 0.021087916221
5.591613 1.371774 0.021443811094
6.005806 1.371774 0.018833727716
6.420000 1.371774 0.014650970554
-6.420000 1.676613 0.015974342219
-6.005806 1.676613 0.020080124419
-5.591613 1.676613 0.022352499679
-5.177419 1.676613 0.022164996377
-4.763226 1.676613 0.018539248623
-4.349032 1.676613 0.014182549817
-3.934839 1.676613 0.011044029524
-3.520645 1.676613 0.010478499922
-3.106452 1.676613 0.008925669758
-2.692258 1.676613 0.006255837555
-2.278065 1.676613 0.005027845732
-1.863871 1.676613 0.004736660347
-1.449677 1.676613 0.004334558619
-1.035484 1.676613 0.002450758344
-0.621290 1.676613 0.001777980847
-0.207097 1.676613 0.002219363795
0.207097 1.676613 0.002225251536
0.621290 1.676613 0.001788050807
1.035484 1.676613 0.002416986657
1.449677 1.676613 0.004291681015
1.863871 1.676613 0.004695679656
2.278065 1.676613 0.004967497062
2.692258 1.676613 0.006201656904
3.106452 1.676613 0.008775398177
3.520645 1.676613 0.010375800361
3.934839 1.676613 0.010947350812
4.349032 1.676613 0.014054128337
4.763226 1.676613 0.018356679289
5.177419 1.676613 0.021907500535
5.591613 1.676613 0.022094500146
6.005806 1.676613 0.019893827310
6.420000 1.676613 0.015859627360
-6.420000 1.981452 0.017215022075
-6.005806 1.981452 0.020778152497
-5.591613 1.981452 0.022352499679
-5.177419 1.981452 0.022236974367
-4.763226 1.981452 0.018932091245
-4.349032 1.981452 0.014557387603
-3.934839 1.981452 0.011112035666
-3.520645 1.981452 0.010478499922
-3.106452 1.981452 0.009184641988
-2.692258 1.981452 0.006769657092
-2.278065 1.981452 0.005208297713
-1.863871 1.981452 0.004736660347
-1.449677 1.981452 0.004407583315
-1.035484 1.981452 0.002930275927
-0.621290 1.981452 0.002149276827
-0.207097 1.981452 0.002226395306
0.207097 1.981452 0.002226501451
0.621290 1.981452 0.002158985762
1.035484 1.981452 0.002890477618
1.449677 1.981452 0.004364967121
1.863871 1.981452 0.004695679656
2.278065 1.981452 0.005202678164
2.692258 1.981452 0.006775489824
3.106452 1.981452 0.009132615156
3.520645 1.981452 0.010375800361
3.934839 1.981452 0.011012549032
4.349032 1.981452 0.014437139620
4.763226 1.981452 0.018752400871
5.177419 1.981452 0.021989383188
5.591613 1.981452 0.022094500146
6.005806 1.981452 0.020577213060
6.420000 1.981452 0.017111884271
-6.420000 2.286290 0.018504729591
-6.005806 2.286290 0.021449143248
-5.591613 2.286290 0.022352499679
-5.177419 2.286290 0.022245039049
-4.763226 2.286290 0.019458764783
-4.349032 2.286290 0.015237928274
-3.934839 2.286290 0.011227876957
-3.520645 2.286290 0.010478499922
-3.106452 2.286290 0.009527268368
-2.692258 2.286290 0.007395524108
-2.278065 2.286290 0.005460601430
-1.863871 2.286290 0.004736660347
-1.449677 2.286290 0.004494568118
-1.035484 2.286290 0.003500286556
-0.621290 2.286290 0.002555804301
-0.207097 2.286290 0.002228870673
0.207097 2.286290 0.002229776216
0.621290 2.286290 0.002570714426
1.035484 2.286290 0.003449068803
1.449677 2.286290 0.004406425539
1.863871 2.286290 0.004695679656
2.278065 2.286290 0.005638312454
2.692258 2.286290 0.007545351039
3.106452 2.286290 0.009519243924
3.520645 2.286290 0.010375800361
3.934839 2.286290 0.011139259873
4.349032 2.286290 0.015140261112
4.763226 2.286290 0.019302977775
5.177419 2.286290 0.021998425705
5.591613 2.286290 0.022094500146
6.005806 2.286290 0.021285276691
6.420000 2.286290 0.018424314342
-6.420000 2.591129 0.019961506277
-6.005806 2.591129 0.022723386292
-5.591613 2.591129 0.023539010512
-5.177419 2.591129 0.023180104867
-4.763226 2.591129 0.020722434083
-4.349032 2.591129 0.016664262022
-3.934839 2.591129 0.012839009187
-3.520645 2.591129 0.011504396046
-3.106452 2.591129 0.010578327452
-2.692258 2.591129 0.008568960571
-2.278065 2.591129 0.006208433640
-1.863871 2.591129 0.004972059771
-1.449677 2.591129 0.004976601714
-1.035484 2.591129 0.004616787870
-0.621290 2.591129 0.003634624202
-0.207097 2.591129 0.002483193817
0.207097 2.591129 0.002487099144
0.621290 2.591129 0.003637982119
1.035484 2.591129 0.004577485588
1.449677 2.591129 0.004911318651
1.863871 2.591129 0.005580299849
2.278065 2.591129 0.006923260123
2.692258 2.591129 0.008918613892
3.106452 2.591129 0.010675755999
3.520645 2.591129 0.011471643156
3.934839 2.591129 0.012806022082
4.349032 2.591129 0.016609063219
4.763226 2.591129 0.020626465057
5.177419 2.591129 0.023014505514
5.591613 2.591129 0.023367019093
6.005806 2.591129 0.022610137398
6.420000 2.591129 0.019918651877
-6.420000 2.895968 0.021657608147
-6.005806 2.895968 0.024836339652
-5.591613 2.895968 0.026457760935
-5.177419 2.895968 0.025891757441
-4.763226 2.895968 0.023011841258
-4.349032 2.895968 0.018957296330
-3.934839 2.895968 0.015799107193
-3.520645 2.895968 0.014306523117
-3.106452 2.895968 0.012797847144
-2.692258 2.895968 0.010531355063
-2.278065 2.895968 0.008438963460
-1.863871 2.895968 0.007558915948
-1.449677 2.895968 0.007273363038
-1.035484 2.895968 0.006607899369
-0.621290 2.895968 0.005719963396
-0.207097 2.895968 0.005180129028
0.207097 2.895968 0.005180481049
0.621290 2.895968 0.005729039867
1.035484 2.895968 0.006608394031
1.449677 2.895968 0.007368037263
1.863871 2.895968 0.008270139415
2.278065 2.895968 0.009352073153
2.692258 2.895968 0.011009630316
3.106452 2.895968 0.013001579006
3.520645 2.895968 0.014362017671
3.934839 2.895968 0.015768730970
4.349032 2.895968 0.018887976234
4.763226 2.895968 0.022969697442
5.177419 2.895968 0.025816038043
5.591613 2.895968 0.026372495052
6.005806 2.895968 0.024775941453
6.420000 2.895968 0.021644382377
-6.420000 3.200806 0.023407744941
-6.005806 3.200806 0.027351426988
-5.591613 3.200806 0.029803067569
-5.177419 3.200806 0.029213779588
-4.763226 3.200806 0.025699986890
-4.349032 3.200806 0.021410450201
-3.934839 3.200806 0.018635695040
-3.520645 3.200806 0.017582543796
-3.106452 3.200806 0.015536153677
-2.692258 3.200806 0.012875572846
-2.278065 3.200806 0.011462578412
-1.863871 3.200806 0.011428282644
-1.449677 3.200806 0.010719026591
-1.035484 3.200806 0.009072915501
-0.621290 3.200806 0.008478191272
-0.207097 3.200806 0.009033752483
0.207097 3.200806 0.009025056518
0.621290 3.200806 0.008491658644
1.035484 3.200806 0.009131661697
1.449677 3.200806 0.010894936845
1.863871 3.200806 0.011837831304
2.278065 3.200806 0.012064902955
2.692258 3.200806 0.013321802682
3.106452 3.200806 0.015773529182
3.520645 3.200806 0.017691514744
3.934839 3.200806 0.018675247016
4.349032 3.200806 0.021421888505
4.763226 3.200806 0.025699086893
5.177419 3.200806 0.029247690119
5.591613 3.200806 0.029777839731
6.005806 3.200806 0.027327091210
6.420000 3.200806 0.023409484590
-6.420000 3.505645 0.024889171890
-6.005806 3.505645 0.029407195070
-5.591613 3.505645 0.032565996419
-5.177419 3.505645 0.032250970533
-4.763226 3.505645 0.027808079292
-4.349032 3.505645 0.023291677362
-3.934839 3.505645 0.020568853211
-3.520645 3.505645 0.020111564286
-3.106452 3.505645 0.017867993823
-2.692258 3.505645 0.014853947727
-2.278065 3.505645 0.013984911023
-1.863871 3.505645 0.014283187855
-1.449677 3.505645 0.013540409931
-1.035484 3.505645 0.011136557896
-0.621290 3.505645 0.010716530656
-0.207097 3.505645 0.012087984474
0.207097 3.505645 0.012082868325
0.621290 3.505645 0.010745314551
1.035484 3.505645 0.011233336270
1.449677 3.505645 0.013722732432
1.863871 3.505645 0.014505030191
2.278065 3.505645 0.014308817914
2.692258 3.505645 0.015191556248
3.106452 3.505645 0.018087888120
3.520645 3.505645 0.020227429554
3.934839 3.505645 0.020662769377
4.349032 3.505645 0.023330231421
4.763226 3.505645 0.027841601254
5.177419 3.505645 0.032290569887
5.591613 3.505645 0.032570886434
6.005806 3.505645 0.029390810035
6.420000 3.505645 0.024887927487
-6.420000 3.810484 0.025790213434
-6.005806 3.810484 0.030485465581
-5.591613 3.810484 0.032869299660
-5.177419 3.810484 0.032714942626
-4.763226 3.810484 0.028832265058
-4.349032 3.810484 0.024192763522
-3.934839 3.810484 0.020926515623
-3.520645 3.810484 0.020340400102
-3.106452 3.810484 0.018763431793
-2.692258 3.810484 0.015908407118
-2.278065 3.810484 0.014803169131
-1.863871 3.810484 0.014536100060
-1.449677 3.810484 0.014134900734
-1.035484 3.810484 0.012216207409
-0.621290 3.810484 0.011771926053
-0.207097 3.810484 0.012379957183
0.207097 3.810484 0.012378481859
0.621290 3.810484 0.011816099938
1.035484 3.810484 0.012336921937
1.449677 3.810484 0.014329017637
1.863871 3.810484 0.014742799730
2.278065 3.810484 0.015025297040
2.692258 3.810484 0.016139704750
3.106452 3.810484 0.018931754454
3.520645 3.810484 0.020449899709
3.934839 3.810484 0.021036608125
4.349032 3.810484 0.024254421953
4.763226 3.810484 0.028861268556
5.177419 3.810484 0.032718419266
5.591613 3.810484 0.032855800067
6.005806 3.810484 0.030454636017
6.420000 3.810484 0.025763583771
-6.420000 4.115323 0.026082420065
-6.005806 4.115323 0.030671075649
-5.591613 4.115323 0.032869299660
-5.177419 4.115323 0.032718220307
-4.763226 4.115323 0.029026851084
-4.349032 4.115323 0.024378772215
-3.934839 4.115323 0.020940007352
-3.520645 4.115323 0.020340400102
-3.106452 4.115323 0.018872623728
-2.692258 4.115323 0.016221743209
-2.278065 4.115323 0.014848086887
-1.863871 4.115323 0.014536100060
-1.449677 4.115323 0.014181041472
-1.035484 4.115323 0.012520107299
-0.621290 4.115323 0.011975556965
-0.207097 4.115323 0.012380840678
0.207097 4.115323 0.012379916752
0.621290 4.115323 0.012032413474
1.035484 4.115323 0.012672159136
1.449677 4.115323 0.014380006755
1.863871 4.115323 0.014742799730
2.278065 4.115323 0.015046892871
2.692258 4.115323 0.016390013909
3.106452 4.115323 0.019002747883
3.520645 4.115323 0.020449899709
3.934839 4.115323 0.021051019280
4.349032 4.115323 0.024482382444
4.763226 4.115323 0.029079754107
5.177419 4.115323 0.032711795044
5.591613 4.115323 0.032855800067
6.005806 4.115323 0.030636006992
6.420000 4.115323 0.026053059617
-6.420000 4.420161 0.025889717981
-6.005806 4.420161 0.030375214518
-5.591613 4.420161 0.032811845473
-5.177419 4.420161 0.032482931374
-4.763226 4.420161 0.028719019357
-4.349032 4.420161 0.024207006938
-3.934839 4.420161 0.020913156377
-3.520645 4.420161 0.020207615736
-3.106452 4.420161 0.018637874922
-2.692258 4.420161 0.016048576976
-2.278065 4.420161 0.014740747425
-1.863871 4.420161 0.014537201394
-1.449677 4.420161 0.014016488909
-1.035484 4.420161 0.012344803591
-0.621290 4.420161 0.011844908165
-0.207097 4.420161 0.012375510360
0.207097 4.420161 0.012354038884
0.621290 4.420161 0.011899438466
1.035484 4.420161 0.012562174362
1.449677 4.420161 0.014302689419
1.863871 4.420161 0.014757431196
2.278065 4.420161 0.014941378509
2.692258 4.420161 0.016186547040
3.106452 4.420161 0.018753209510
3.520645 4.420161 0.020338372410
3.934839 4.420161 0.021161767679
4.349032 4.420161 0.024465248904
4.763226 4.420161 0.028952964602
5.177419 4.420161 0.032628836847
5.591613 4.420161 0.032870538434
6.005806 4.420161 0.030411322609
6.420000 4.420161 0.025908481178
-6.420000 4.725000 0.025512578965
-6.005806 4.725000 0.029881087430
-5.591613 4.725000 0.032290890420
-5.177419 4.725000 0.031542942208
-4.763226 4.725000 0.028084678544
-4.349032 4.725000 0.023822310095
-3.934839 4.725000 0.020753754459
-3.520645 4.725000 0.019592823736
-3.106452 4.725000 0.017999676105
-2.692258 4.725000 0.015617618467
-2.278065 4.725000 0.014444183185
-1.863871 4.725000 0.014295183695
-1.449677 4.725000 0.013504637219
-1.035484 4.725000 0.011929836705
-0.621290 4.725000 0.011515582221
-0.207097 4.725000 0.012157046512
0.207097 4.725000 0.012073431309
0.621290 4.725000 0.011558841231
1.035484 4.725000 0.012254033759
1.449677 4.725000 0.014044324376
1.863871 4.725000 0.014698508256
2.278065 4.725000 0.014634922048
2.692258 4.725000 0.015750012962
3.106452 4.725000 0.018159254077
3.520645 4.725000 0.019997028114
3.934839 4.725000 0.021375544151
4.349032 4.725000 0.024363808465
4.763226 4.725000 0.028687124946
5.177419 4.725000 0.032358067289
5.591613 4.725000 0.032771866709
6.005806 4.725000 0.030078129641
6.420000 4.725000 0.025631457958
