0 0.03664405
1 0.02062820
2 0.01525053
3 0.01282836
4 0.01413893
5 0.01926716
6 0.03393495
7 0.02391988
8 0.00748217
9 0.00621508
10 -0.00024952
11 0.00588699
12 0.00674199
13 0.02267029
14 0.02322510
15 0.01037680
16 0.00576644
17 0.00077124
18 0.00583882
19 0.01034071
20 0.02330222
21 0.02227851
22 0.00669584
23 0.00562812
24 -0.00032809
25 0.00626143
26 0.00730601
27 0.02357409
28 0.03415118
29 0.01931069
30 0.01452407
31 0.01295974
32 0.01500525
33 0.02088683
34 0.03679571
