0 0.03515418
1 0.01941877
2 0.01424581
3 0.01208697
4 0.01394703
5 0.01950748
6 0.03510994
7 0.02373143
8 0.00725662
9 0.00596043
10 -0.00033503
11 0.00611137
12 0.00719246
13 0.02375355
14 0.02383765
15 0.01050686
16 0.00580297
17 0.00062410
18 0.00586845
19 0.01045088
20 0.02388441
21 0.02334801
22 0.00714905
23 0.00585213
24 -0.00042861
25 0.00600823
26 0.00709187
27 0.02338125
28 0.03532880
29 0.01955936
30 0.01431068
31 0.01218641
32 0.01401684
33 0.01966266
34 0.03531015
