0 0.03346562
1 0.01897413
2 0.01437951
3 0.01286756
4 0.01490996
5 0.02063409
6 0.03627588
7 0.02219804
8 0.00665987
9 0.00564682
10 -0.00020141
11 0.00631257
12 0.00732441
13 0.02358160
14 0.02281656
15 0.01023338
16 0.00569544
17 0.00079526
18 0.00574419
19 0.01016005
20 0.02282860
21 0.02318875
22 0.00726921
23 0.00604570
24 -0.00032472
25 0.00569055
26 0.00649874
27 0.02186346
28 0.03649288
29 0.02068494
30 0.01530084
31 0.01294358
32 0.01413162
33 0.01922257
34 0.03360979
