# Annual sun direction samples for heliostat optimization
# Generated by generate_sundir_year.py
# Mode: paper | Location: lat=37.36 lon=97.29 tz=Asia/Shanghai
# Months: [1, 2, 3, 4, 5, 6, 7, 8, 9, 10, 11, 12] | Days per month: [15]
# Solar window: 6.0иC18.0h | Step: 1.0h
# Min altitude filter: 15.0бу
# DNI model: none
# Total: 110 directions
# Columns: x y z
0.65894089 0.30562136 0.68730815
0.46593007 0.42315441 0.77707755
0.24116029 0.49713936 0.83348316
-0.00006106 0.52244788 0.85267122
-0.24130306 0.49733727 0.83332375
-0.46613170 0.42353654 0.77674838
-0.65923055 0.30616160 0.68678975
0.68901269 0.41435486 0.59461883
0.48706262 0.53745368 0.68841379
0.25189138 0.61490485 0.74729028
-0.00047585 0.64138698 0.76721738
-0.25283923 0.61508834 0.74681902
-0.48799720 0.53781634 0.68746805
-0.68991972 0.41488901 0.59319296
0.86481668 0.37372088 0.33529811
0.70593145 0.53807099 0.46058702
0.49891370 0.66425660 0.55664018
0.25787514 0.74360274 0.61689170
-0.00075118 0.77068431 0.63721671
-0.25933212 0.74365898 0.61621277
-0.50023722 0.66438653 0.55529566
-0.70704134 0.53830845 0.45860282
-0.86564546 0.37411389 0.33271120
0.95213534 0.30486425 0.02227285
0.85360530 0.49364753 0.16634335
0.69689528 0.65591820 0.29001428
0.49269045 0.78048220 0.38484238
0.25491525 0.85881917 0.44435104
-0.00021757 0.88558773 0.46447209
-0.25531285 0.85897401 0.44382317
-0.49297954 0.78081190 0.38380196
-0.69701687 0.65646079 0.28849042
-0.85351909 0.49445494 0.16437600
-0.95182465 0.30599589 0.01990875
0.91452777 0.39005556 -0.10721762
0.82006324 0.57142100 0.03121408
0.66972664 0.72728374 0.15008194
0.47376760 0.84695268 0.24127873
0.24554491 0.92225570 0.29858351
0.00061519 0.94806175 0.31808574
-0.24432758 0.92262161 0.29845167
-0.47259050 0.84768495 0.24101544
-0.66862005 0.72838241 0.14968734
-0.81906187 0.57288392 0.03068680
-0.91367120 0.39187549 -0.10788202
0.88715739 0.42888839 -0.17031298
0.79558735 0.60477272 -0.03592660
0.64981736 0.75592131 0.07950071
0.45977868 0.87197749 0.16810358
0.23841943 0.94501323 0.22384408
0.00082182 0.97004513 0.24292340
-0.23682523 0.94536746 0.22404059
-0.45832983 0.87266692 0.16848209
-0.64860122 0.75690896 0.08003307
-0.79467750 0.60600573 -0.03528058
-0.88660930 0.43030076 -0.16960311
0.89763920 0.41591864 -0.14579287
0.80457165 0.59377602 -0.00972107
0.65666984 0.74653374 0.10710789
0.46400579 0.86370909 0.19673648
0.23970393 0.93728480 0.25305973
-0.00095353 0.96222844 0.27224167
-0.24156767 0.93682851 0.25297707
-0.46574103 0.86280997 0.19658141
-0.65819579 0.74521846 0.10690064
-0.80581484 0.59208397 -0.00995069
-0.89853639 0.41390159 -0.14600628
0.93670057 0.34740141 -0.04363840
0.84036620 0.53298694 0.09853713
0.68673212 0.69258142 0.22074869
0.48626306 0.81518617 0.31467401
0.25261972 0.89239493 0.37391786
0.00172684 0.91891635 0.39444868
-0.24931242 0.89292377 0.37487393
-0.48338292 0.81617774 0.31653572
-0.68452500 0.69390877 0.22341921
-0.83902293 0.53447242 0.10188107
-0.93634107 0.34883038 -0.03978405
0.86501669 0.43026435 0.25810603
0.70658917 0.59442066 0.38392164
0.49997716 0.72046933 0.48056923
0.25926625 0.79974299 0.54147222
0.00086879 0.82680276 0.56249128
-0.25759580 0.79978507 0.54220682
-0.49850297 0.72052429 0.48201611
-0.70542542 0.59443229 0.38603787
-0.86425384 0.43015383 0.26083131
0.85601167 0.30662338 0.41620444
0.69852613 0.46882557 0.54061431
0.49343593 0.59326334 0.63604999
0.25472383 0.67131982 0.69602117
-0.00133440 0.69763080 0.71645620
-0.25728117 0.67038727 0.69597939
-0.49566790 0.59144859 0.63600464
-0.70024516 0.46622575 0.54063876
-0.85707182 0.30337728 0.41640139
0.67164363 0.34208711 0.65716911
0.47533081 0.46173955 0.74890400
0.24665749 0.53704537 0.80668603
0.00120706 0.56280142 0.82659125
-0.24429501 0.53723636 0.80727755
-0.47312183 0.46210643 0.75007558
-0.66968574 0.34259960 0.65889796
0.64839986 0.27873480 0.70843809
0.45796356 0.39414695 0.79681715
0.23634520 0.46663292 0.85228790
-0.00136209 0.49114961 0.87107417
-0.23896855 0.46600591 0.85189936
-0.46029188 0.39293661 0.79607299
-0.65026071 0.27702663 0.70740176
