# Annual sun direction samples for heliostat optimization
# Generated by generate_sundir_year.py
# Mode: balanced | Location: lat=37.36 lon=97.29 tz=Asia/Shanghai
# Months: [1, 2, 3, 4, 5, 6, 7, 8, 9, 10, 11, 12] | Days per month: [5, 15, 25]
# Solar window: 6.0иC18.0h | Step: 1.0h
# Min altitude filter: 15.0бу
# DNI model: none
# Total: 334 directions
# Columns: x y z
0.65204822 0.28611138 0.70212064
0.46097592 0.40233029 0.79096873
0.23849393 0.47546252 0.84679161
-0.00024742 0.50042567 0.86577947
-0.23898800 0.47549841 0.84663215
-0.46146662 0.40239907 0.79064755
-0.65252992 0.28620767 0.70163371
0.65894089 0.30562136 0.68730815
0.46593007 0.42315441 0.77707755
0.24116029 0.49713936 0.83348316
-0.00006106 0.52244788 0.85267122
-0.24130306 0.49733727 0.83332375
-0.46613170 0.42353654 0.77674838
-0.65923055 0.30616160 0.68678975
0.66799182 0.33402909 0.66498985
0.47230612 0.45325290 0.75596874
0.24441669 0.52829773 0.81311868
-0.00015422 0.55397772 0.83253148
-0.24474479 0.52852792 0.81287036
-0.47268982 0.45369888 0.75546122
-0.66845715 0.33466361 0.66420276
0.67851009 0.37388790 0.63232262
0.47935788 0.49502674 0.72468238
0.24751315 0.57118163 0.78261663
-0.00122890 0.59710713 0.80216056
-0.24991867 0.57102568 0.78196569
-0.48160793 0.49473001 0.72339202
-0.68050575 0.37348071 0.63041580
0.68901269 0.41435486 0.59461883
0.48706262 0.53745368 0.68841379
0.25189138 0.61490485 0.74729028
-0.00047585 0.64138698 0.76721738
-0.25283923 0.61508834 0.74681902
-0.48799720 0.53781634 0.68746805
-0.68991972 0.41488901 0.59319296
0.85435856 0.29587241 0.42723643
0.69748280 0.45812913 0.55103126
0.49304830 0.58278113 0.64596403
0.25498469 0.66120276 0.70554498
-0.00048250 0.68801714 0.72569427
-0.25593917 0.66139375 0.70502017
-0.49397043 0.58316281 0.64491423
-0.69834840 0.45870140 0.54945659
-0.85514010 0.29663591 0.42513826
0.86158181 0.32893829 0.38662175
0.70399966 0.49269261 0.51150608
0.49841408 0.61860885 0.60737674
0.25883603 0.69800257 0.66767980
0.00159666 0.72543754 0.68828615
-0.25576718 0.69904375 0.66777315
-0.49570907 0.62063649 0.60752190
-0.70186989 0.49560107 0.51162314
-0.86019435 0.33257670 0.38659851
0.86481668 0.37372088 0.33529811
0.70593145 0.53807099 0.46058702
0.49891370 0.66425660 0.55664018
0.25787514 0.74360274 0.61689170
-0.00075118 0.77068431 0.63721671
-0.25933212 0.74365898 0.61621277
-0.50023722 0.66438653 0.55529566
-0.70704134 0.53830845 0.45860282
-0.86564546 0.37411389 0.33271120
0.86534920 0.41535978 0.28044073
0.70646368 0.57985112 0.40580999
0.49941472 0.70614658 0.50193819
0.25831852 0.78558274 0.56225555
-0.00038634 0.81273445 0.58263416
-0.25906044 0.78575760 0.56166955
-0.50006674 0.70650982 0.50077653
-0.70697370 0.58042862 0.40409258
-0.86567618 0.41618751 0.27819546
0.96020605 0.26895147 0.07529567
0.86049354 0.45924525 0.22055535
0.70212486 0.62278767 0.34519009
0.49589644 0.74825152 0.44068852
0.25587021 0.82704549 0.50052592
-0.00158738 0.85379355 0.52060931
-0.25892183 0.82668172 0.49955662
-0.49858804 0.74757775 0.43879093
-0.70424712 0.62190732 0.34244310
-0.86188073 0.45830375 0.21706974
-0.96074882 0.26812583 0.07120565
0.95213534 0.30486425 0.02227285
0.85360530 0.49364753 0.16634335
0.69689528 0.65591820 0.29001428
0.49269045 0.78048220 0.38484238
0.25491525 0.85881917 0.44435104
-0.00021757 0.88558773 0.46447209
-0.25531285 0.85897401 0.44382317
-0.49297954 0.78081190 0.38380196
-0.69701687 0.65646079 0.28849042
-0.85351909 0.49445494 0.16437600
-0.95182465 0.30599589 0.01990875
0.94063805 0.33840698 -0.02609145
0.84317509 0.52492342 0.11623753
0.68825073 0.68518542 0.23839437
0.48642908 0.80816770 0.33204175
0.25147170 0.88546489 0.39078627
-0.00060182 0.91180890 0.41061439
-0.25260635 0.88541544 0.39016603
-0.48736338 0.80810286 0.33082730
-0.68887263 0.68517020 0.23663535
-0.84340279 0.52504774 0.11400268
-0.94042827 0.33877691 -0.02872065
0.92720489 0.36819012 -0.06875404
0.83076384 0.55201046 0.07152553
0.67771475 0.70985247 0.19186501
0.47849352 0.83087745 0.28405389
0.24668324 0.90681833 0.34180095
-0.00191272 0.93250067 0.36116317
-0.25034822 0.90618503 0.34081440
-0.48169011 0.82968306 0.28213588
-0.68017304 0.70823567 0.18912130
-0.83227388 0.55016544 0.06810409
-0.92763397 0.36635170 -0.07267490
0.91452777 0.39005556 -0.10721762
0.82006324 0.57142100 0.03121408
0.66972664 0.72728374 0.15008194
0.47376760 0.84695268 0.24127873
0.24554491 0.92225570 0.29858351
0.00061519 0.94806175 0.31808574
-0.24432758 0.92262161 0.29845167
-0.47259050 0.84768495 0.24101544
-0.66862005 0.72838241 0.14968734
-0.81906187 0.57288392 0.03068680
-0.91367120 0.39187549 -0.10788202
0.90198838 0.40991492 -0.13559766
0.80833107 0.58872747 0.00092046
0.65960572 0.74228005 0.11807041
0.46595009 0.86004811 0.20786477
0.24056366 0.93399021 0.26418063
-0.00119266 0.95906696 0.28317687
-0.24284338 0.93357668 0.26355583
-0.46792185 0.85926948 0.20665212
-0.66109308 0.74122922 0.11634078
-0.80919842 0.58753418 -0.00122723
-0.90215248 0.40873534 -0.13804464
0.89239851 0.42214992 -0.15941878
0.80030806 0.59909751 -0.02427300
0.65369771 0.75116690 0.09180193
0.46255847 0.86793827 0.18089450
0.23991570 0.94143708 0.23693182
0.00094088 0.96665154 0.25609357
-0.23808198 0.94186716 0.23707218
-0.46086668 0.86878191 0.18116262
-0.65223531 0.75239166 0.09217315
-0.79915203 0.60065627 -0.02383442
-0.89161166 0.42398226 -0.15895816
0.88715739 0.42888839 -0.17031298
0.79558735 0.60477272 -0.03592660
0.64981736 0.75592131 0.07950071
0.45977868 0.87197749 0.16810358
0.23841943 0.94501323 0.22384408
0.00082182 0.97004513 0.24292340
-0.23682523 0.94536746 0.22404059
-0.45832983 0.87266692 0.16848209
-0.64860122 0.75690896 0.08003307
-0.79467750 0.60600573 -0.03528058
-0.88660930 0.43030076 -0.16960311
0.88660476 0.42925268 -0.17226184
0.79530169 0.60502787 -0.03790121
0.64981296 0.75612803 0.07754692
0.46004853 0.87219676 0.16621721
0.23893619 0.94530162 0.22206835
0.00154032 0.97045060 0.24129495
-0.23596424 0.94592598 0.22258689
-0.45739494 0.87339996 0.16721956
-0.64766497 0.75782217 0.07896611
-0.79381087 0.60708878 -0.03615971
-0.88587632 0.43152807 -0.17031345
0.89037491 0.42456317 -0.16425176
0.79866469 0.60106369 -0.02927714
0.65253187 0.75278465 0.08670309
0.46192875 0.86932172 0.17578842
0.23983942 0.94270607 0.23191015
0.00139467 0.96792246 0.25124525
-0.23715861 0.94324451 0.23247705
-0.45956522 0.87035116 0.17688603
-0.65067000 0.75421377 0.08826177
-0.79745034 0.60276418 -0.02735511
-0.88990415 0.42637908 -0.16208477
0.89763920 0.41591864 -0.14579287
0.80457165 0.59377602 -0.00972107
0.65666984 0.74653374 0.10710789
0.46400579 0.86370909 0.19673648
0.23970393 0.93728480 0.25305973
-0.00095353 0.96222844 0.27224167
-0.24156767 0.93682851 0.25297707
-0.46574103 0.86280997 0.19658141
-0.65819579 0.74521846 0.10690064
-0.80581484 0.59208397 -0.00995069
-0.89853639 0.41390159 -0.14600628
0.90927765 0.39804539 -0.12154842
0.81569040 0.57825660 0.01638556
0.66650144 0.73319098 0.13493261
0.47187052 0.85220522 0.22601877
0.24505684 0.92715083 0.28344042
0.00151527 0.95289785 0.30328763
-0.24215683 0.92767675 0.28421104
-0.46935128 0.85319776 0.22751475
-0.66458179 0.73453634 0.13706716
-0.81453950 0.57979563 0.01903738
-0.90900092 0.39958616 -0.11852524
0.92292645 0.37588527 -0.08316867
0.82740800 0.55871782 0.05683655
0.67547945 0.71580018 0.17708081
0.47748810 0.83632658 0.26937515
0.24692385 0.91203907 0.32743449
-0.00050058 0.93775149 0.34730662
-0.24792064 0.91169402 0.32764214
-0.47847006 0.83563226 0.26978718
-0.67643113 0.71474935 0.17769158
-0.82830646 0.55730250 0.05763967
-0.92373998 0.37410053 -0.08217817
0.93670057 0.34740141 -0.04363840
0.84036620 0.53298694 0.09853713
0.68673212 0.69258142 0.22074869
0.48626306 0.81518617 0.31467401
0.25261972 0.89239493 0.37391786
0.00172684 0.91891635 0.39444868
-0.24931242 0.89292377 0.37487393
-0.48338292 0.81617774 0.31653572
-0.68452500 0.69390877 0.22341921
-0.83902293 0.53447242 0.10188107
-0.93634107 0.34883038 -0.03978405
0.94833606 0.31724829 0.00349928
0.85040550 0.50504818 0.14743411
0.69448692 0.66648081 0.27109268
0.49120240 0.79039485 0.36605490
0.25440674 0.86828788 0.42585604
0.00024185 0.89481946 0.44642813
-0.25396393 0.86816145 0.42637779
-0.49087781 0.79012022 0.36708176
-0.69434489 0.66601668 0.27259303
-0.85049011 0.50433799 0.14936453
-0.94866576 0.31622704 0.00580897
0.95821834 0.27968303 0.05995842
0.85881603 0.46931463 0.20537481
0.70085211 0.63226078 0.33023116
0.49508981 0.75722338 0.42602680
0.25555513 0.83561987 0.48624172
-0.00142113 0.86207327 0.50678167
-0.25831726 0.83476082 0.48625772
-0.49761584 0.75553500 0.42608137
-0.70299881 0.62980113 0.33036829
-0.86046070 0.46616772 0.20565758
-0.95926564 0.27595891 0.06046571
0.86501669 0.43026435 0.25810603
0.70658917 0.59442066 0.38392164
0.49997716 0.72046933 0.48056923
0.25926625 0.79974299 0.54147222
0.00086879 0.82680276 0.56249128
-0.25759580 0.79978507 0.54220682
-0.49850297 0.72052429 0.48201611
-0.70542542 0.59443229 0.38603787
-0.86425384 0.43015383 0.26083131
0.86510332 0.39152576 0.31353440
0.70593709 0.55557902 0.43930033
0.49863856 0.68139327 0.53578241
0.25734137 0.76030418 0.59641678
-0.00150141 0.78689576 0.61708411
-0.26023985 0.75933752 0.59639060
-0.50123132 0.67950351 0.53576314
-0.70804397 0.55285051 0.43935185
-0.86657799 0.38807916 0.31374695
0.86393704 0.34727593 0.36470841
0.70588703 0.51114350 0.49036295
0.49971847 0.63703664 0.58691206
0.25948828 0.71626517 0.64778858
0.00157671 0.74338843 0.66885810
-0.25643063 0.71654070 0.64870083
-0.49694236 0.63755064 0.58870830
-0.70356144 0.51182398 0.49298835
-0.86220400 0.34801990 0.36808479
0.85601167 0.30662338 0.41620444
0.69852613 0.46882557 0.54061431
0.49343593 0.59326334 0.63604999
0.25472383 0.67131982 0.69602117
-0.00133440 0.69763080 0.71645620
-0.25728117 0.67038727 0.69597939
-0.49566790 0.59144859 0.63600464
-0.70024516 0.46622575 0.54063876
-0.85707182 0.30337728 0.41640139
0.84693894 0.26426462 0.46136607
0.69141614 0.42468777 0.58445189
0.48878587 0.54786731 0.67891810
0.25286145 0.62523123 0.73834070
-0.00027319 0.65145666 0.75868580
-0.25336209 0.62474107 0.73858395
-0.48915429 0.54691153 0.67942318
-0.69158037 0.42331334 0.58525414
-0.84684968 0.26253839 0.46251402
0.68208738 0.37847570 0.62570995
0.48283638 0.50002738 0.71891700
0.25070693 0.57653807 0.77765666
0.00152133 0.60273346 0.79794114
-0.24773700 0.57681299 0.77840423
-0.48008178 0.50055349 0.72039412
-0.67968232 0.37920606 0.62788113
0.67164363 0.34208711 0.65716911
0.47533081 0.46173955 0.74890400
0.24665749 0.53704537 0.80668603
0.00120706 0.56280142 0.82659125
-0.24429501 0.53723636 0.80727755
-0.47312183 0.46210643 0.75007558
-0.66968574 0.34259960 0.65889796
0.66018281 0.31346758 0.68256629
0.46619763 0.43095517 0.77261725
0.24047675 0.50467399 0.82914118
-0.00160113 0.52951755 0.84829747
-0.24354361 0.50377566 0.82879225
-0.46886934 0.42922021 0.77196603
-0.66223190 0.31101586 0.68170231
0.65429030 0.29015079 0.69836719
0.46285847 0.40667015 0.78764296
0.23991691 0.48000492 0.84382176
0.00065159 0.50506136 0.86308319
-0.23863958 0.48011268 0.84412260
-0.46165824 0.40687874 0.78823940
-0.65321690 0.29044604 0.69924872
0.64839986 0.27873480 0.70843809
0.45796356 0.39414695 0.79681715
0.23634520 0.46663292 0.85228790
-0.00136209 0.49114961 0.87107417
-0.23896855 0.46600591 0.85189936
-0.46029188 0.39293661 0.79607299
-0.65026071 0.27702663 0.70740176
0.64741125 0.27673951 0.71012246
0.45716917 0.39200686 0.79832761
0.23578967 0.46439831 0.85366120
-0.00165189 0.48887568 0.87235190
-0.23898457 0.46375008 0.85312498
-0.46004462 0.39075505 0.79728881
-0.64977773 0.27497189 0.70864615
