0.475971 0.390567 0.787978 0.509316
-0.444258 0.405323 0.798967 0.517920
0.022068 0.498594 0.866555 0.564542
0.483654 0.393419 0.781857 0.511009
-0.439195 0.414092 0.797268 0.522853
0.029236 0.505555 0.862299 0.567570
0.491316 0.398081 0.774687 0.513746
-0.434842 0.424333 0.794263 0.528452
0.035933 0.514195 0.856920 0.571254
0.498843 0.404521 0.766498 0.517462
-0.431248 0.435940 0.789925 0.534598
0.042072 0.524430 0.850413 0.575515
0.506128 0.412688 0.757313 0.522072
-0.428443 0.448797 0.784231 0.541171
0.047576 0.536161 0.842774 0.580269
0.513055 0.422515 0.747165 0.527470
-0.426456 0.462771 0.777160 0.548051
0.052350 0.549269 0.834004 0.585421
0.519494 0.433925 0.736095 0.533546
-0.425322 0.477708 0.768698 0.555119
0.056311 0.563623 0.824111 0.590881
0.529268 0.457395 0.714608 0.545436
-0.425382 0.505714 0.750535 0.567638
0.061154 0.591309 0.804123 0.600910
0.533863 0.472592 0.701176 0.552731
-0.426533 0.522529 0.738263 0.574732
0.535865 0.480622 0.694155 0.556465
-0.427392 0.531100 0.731621 0.578235
0.537664 0.488916 0.686934 0.560240
-0.428429 0.539758 0.724645 0.581699
0.539256 0.497454 0.679517 0.564040
-0.429632 0.548488 0.717341 0.585118
0.540638 0.506217 0.671904 0.567855
-0.430992 0.557272 0.709714 0.588488
0.541806 0.515186 0.664101 0.571671
-0.432499 0.566095 0.701769 0.591803
0.542757 0.524341 0.656112 0.575479
-0.434145 0.574939 0.693515 0.595058
0.543485 0.533662 0.647942 0.579267
-0.435922 0.583786 0.684957 0.598248
0.543987 0.543130 0.639600 0.583028
-0.437820 0.592618 0.676105 0.601369
0.544262 0.552725 0.631089 0.586753
-0.439830 0.601420 0.666966 0.604418
0.544311 0.562426 0.622417 0.590433
-0.441939 0.610177 0.657552 0.607394
0.884582 0.268066 0.381648 0.418612
0.057782 0.700725 0.711088 0.635126
-0.827081 0.348824 0.440748 0.482669
0.543740 0.582062 0.604608 0.597631
-0.446406 0.627498 0.637940 0.613114
0.886085 0.287645 0.363474 0.435975
0.054533 0.719568 0.692278 0.640287
-0.831789 0.363975 0.419106 0.492763
0.542300 0.601875 0.586223 0.604574
-0.451122 0.644478 0.617363 0.618518
0.886727 0.307694 0.345022 0.452441
0.050684 0.738197 0.672679 0.645210
-0.836230 0.378757 0.396563 0.502138
0.540045 0.621705 0.567304 0.611225
-0.455971 0.661035 0.595922 0.623606
0.886512 0.328040 0.326322 0.467945
0.046343 0.756490 0.652361 0.649881
-0.840305 0.393145 0.373262 0.510848
0.537050 0.641398 0.547893 0.617552
-0.460831 0.677104 0.573729 0.628381
0.885463 0.348509 0.307403 0.482453
0.041624 0.774339 0.631401 0.654289
-0.843920 0.407126 0.349352 0.518945
0.533393 0.660806 0.528041 0.623537
-0.465589 0.692627 0.550903 0.632849
0.883609 0.368936 0.288308 0.495960
0.036629 0.791640 0.609889 0.658429
-0.847004 0.420677 0.324986 0.526472
0.529146 0.679796 0.507821 0.629165
-0.470157 0.707545 0.527573 0.637016
0.880983 0.389171 0.269099 0.508481
0.031450 0.808299 0.587931 0.662298
-0.849501 0.433769 0.300321 0.533464
0.524388 0.698242 0.487314 0.634432
-0.474452 0.721805 0.503878 0.640888
0.877638 0.409062 0.249839 0.520039
0.026181 0.824235 0.565642 0.665897
-0.851369 0.446385 0.275519 0.539956
0.515106 0.728877 0.451003 0.642769
-0.481080 0.745078 0.461975 0.646986
0.870257 0.442621 0.216195 0.538044
0.017041 0.850190 0.526200 0.671553
-0.853035 0.467306 0.232286 0.550227
0.509432 0.745279 0.430161 0.647037
-0.484239 0.757388 0.438036 0.650106
0.865311 0.460856 0.197100 0.547124
0.012043 0.863842 0.503620 0.674431
-0.853039 0.478620 0.207960 0.555542
0.503639 0.760773 0.409357 0.650951
-0.486849 0.768988 0.414290 0.652982
0.859962 0.478252 0.178157 0.555371
0.007349 0.876602 0.481160 0.677064
-0.852341 0.489508 0.184114 0.560506
0.497847 0.775293 0.388676 0.654521
-0.488850 0.779893 0.390886 0.655632
0.854314 0.494703 0.159424 0.562825
0.003050 0.888458 0.458949 0.679463
-0.850953 0.499989 0.160902 0.565153
0.492160 0.788791 0.368221 0.657756
-0.490213 0.790117 0.367976 0.658070
0.848469 0.510123 0.140980 0.569528
-0.000786 0.899401 0.437124 0.681637
-0.848911 0.510073 0.138476 0.569506
0.486675 0.801229 0.348109 0.660670
-0.490924 0.799672 0.345713 0.660309
0.842528 0.524442 0.122912 0.575520
-0.004106 0.909434 0.415828 0.683597
-0.846264 0.519763 0.116977 0.573586
0.481473 0.812587 0.328459 0.663276
-0.490995 0.808573 0.324243 0.662361
0.836592 0.537608 0.105312 0.580845
-0.006873 0.918568 0.395202 0.685355
-0.843077 0.529057 0.096538 0.577407
0.474372 0.827587 0.300119 0.666641
-0.489943 0.820742 0.293835 0.665116
0.827923 0.555109 0.079988 0.587665
-0.009920 0.930635 0.365816 0.687640
-0.837439 0.542267 0.068129 0.582689
0.470220 0.836234 0.282145 0.668542
-0.488504 0.828109 0.274952 0.666757
0.822451 0.565231 0.063934 0.591481
-0.011166 0.937635 0.347442 0.688946
-0.833213 0.550608 0.050853 0.585938
0.466625 0.843814 0.265026 0.670186
-0.486503 0.834926 0.257321 0.668256
0.817343 0.574095 0.048630 0.594750
-0.011757 0.943845 0.330180 0.690094
-0.828703 0.558591 0.035023 0.588988
0.463645 0.850352 0.248868 0.671587
-0.483983 0.841222 0.241053 0.669626
0.812685 0.581701 0.034163 0.597502
-0.011697 0.949302 0.314146 0.691093
-0.823999 0.566212 0.020721 0.591846
0.461320 0.855880 0.233783 0.672760
-0.481007 0.847019 0.226253 0.670875
0.808552 0.588062 0.020630 0.599767
-0.011008 0.954046 0.299457 0.691955
-0.819200 0.573452 0.008022 0.594515
0.459668 0.860439 0.219885 0.673720
-0.477656 0.852333 0.213012 0.672009
0.805004 0.593213 0.008135 0.601577
-0.009742 0.958115 0.286217 0.692690
-0.814413 0.580277 -0.003027 0.596990
0.458684 0.864084 0.207288 0.674482
-0.474027 0.857166 0.201407 0.673032
0.802086 0.597200 -0.003219 0.602964
-0.007960 0.961548 0.274523 0.693306
-0.809748 0.586647 -0.012388 0.599266
0.458533 0.868419 0.188669 0.675382
-0.467296 0.864482 0.185219 0.674565
0.798608 0.601516 -0.020080 0.604451
-0.003782 0.966132 0.258020 0.694124
-0.802164 0.596595 -0.024637 0.602754
0.459321 0.869815 0.180126 0.675671
-0.463374 0.868019 0.178400 0.675299
0.797599 0.602543 -0.027872 0.604803
-0.000885 0.967998 0.250957 0.694455
-0.798306 0.601541 -0.029255 0.604460
0.460713 0.870487 0.173191 0.675809
-0.459500 0.871089 0.173388 0.675934
0.797317 0.602589 -0.034238 0.604819
0.002298 0.969349 0.245679 0.694695
-0.794891 0.605901 -0.032142 0.605948
0.462671 0.870480 0.167930 0.675808
-0.455759 0.873679 0.170202 0.676466
0.797757 0.601709 -0.039109 0.604518
0.005690 0.970203 0.242226 0.694846
-0.791991 0.609623 -0.033312 0.607207
0.465134 0.869841 0.164398 0.675676
-0.452243 0.875767 0.168844 0.676894
0.798893 0.599976 -0.042413 0.603922
0.009191 0.970575 0.240622 0.694912
-0.789680 0.612641 -0.032801 0.608221
0.468017 0.868624 0.162645 0.675424
-0.449058 0.877317 0.169298 0.677210
0.800679 0.597469 -0.044085 0.603057
0.012688 0.970472 0.240879 0.694893
-0.788025 0.614880 -0.030663 0.608968
0.471228 0.866874 0.162709 0.675062
-0.446300 0.878289 0.171534 0.677409
0.803063 0.594261 -0.044074 0.601943
0.016078 0.969895 0.242993 0.694791
-0.787073 0.616271 -0.026953 0.609431
0.476472 0.863330 0.166244 0.674325
-0.443130 0.878581 0.178135 0.677468
0.807633 0.588269 -0.040837 0.599840
0.020774 0.968127 0.249595 0.694478
-0.787024 0.616643 -0.018581 0.609554
0.480133 0.860390 0.170885 0.673710
-0.441739 0.877941 0.184623 0.677338
0.811247 0.583563 -0.036514 0.598168
0.023537 0.966329 0.256230 0.694159
-0.787922 0.615672 -0.011224 0.609232
0.483833 0.857005 0.177335 0.672998
-0.440975 0.876586 0.192712 0.677061
0.815231 0.578335 -0.030454 0.596290
0.025930 0.964009 0.264601 0.693746
-0.789558 0.613670 -0.002523 0.608565
0.487491 0.853181 0.185566 0.672189
-0.440865 0.874470 0.202336 0.676628
0.819502 0.572629 -0.022663 0.594214
0.027882 0.961140 0.274648 0.693233
-0.791916 0.610584 0.007443 0.607531
0.491010 0.848925 0.195540 0.671283
-0.441447 0.871540 0.213407 0.676026
0.823958 0.566498 -0.013151 0.591952
0.029312 0.957693 0.286297 0.692614
-0.794977 0.606355 0.018577 0.606102
0.494280 0.844247 0.207206 0.670279
-0.442751 0.867741 0.225827 0.675242
0.828497 0.559990 -0.001941 0.589517
0.030148 0.953633 0.299460 0.691880
-0.798708 0.600931 0.030777 0.604251
0.497209 0.839144 0.220498 0.669176
-0.444789 0.863022 0.239492 0.674260
0.833016 0.553140 0.010922 0.586912
0.030340 0.948925 0.314040 0.691024
-0.803058 0.594279 0.043948 0.601949
0.501281 0.829158 0.247416 0.666989
-0.450073 0.852430 0.266079 0.672030
0.840594 0.540386 0.037217 0.581947
0.029048 0.939016 0.342644 0.689202
-0.811948 0.579631 0.069056 0.596758
0.502902 0.822808 0.264720 0.665578
-0.454008 0.844987 0.282619 0.670439
0.844588 0.532660 0.054270 0.578864
0.027379 0.932332 0.360566 0.687958
-0.817613 0.569543 0.084442 0.593080
0.503965 0.815946 0.283288 0.664037
-0.458533 0.836504 0.300016 0.668601
0.848239 0.524603 0.072683 0.575587
0.025052 0.924856 0.379492 0.686551
-0.823585 0.558220 0.100490 0.588848
0.504426 0.808544 0.303004 0.662354
-0.463587 0.826960 0.318159 0.666502
0.851461 0.516221 0.092356 0.572106
0.022074 0.916557 0.399294 0.684970
-0.829773 0.545677 0.117105 0.584025
0.504242 0.800581 0.323744 0.660520
-0.469113 0.816341 0.336928 0.664126
0.854176 0.507518 0.113181 0.568414
0.018459 0.907410 0.419841 0.683204
-0.836083 0.531938 0.134193 0.578573
0.503383 0.792037 0.345375 0.658523
-0.475041 0.804645 0.356205 0.661459
0.856314 0.498490 0.135034 0.564496
0.014240 0.897396 0.440996 0.681241
-0.842413 0.517047 0.151666 0.572452
0.501839 0.782889 0.367754 0.656351
-0.481285 0.791886 0.375874 0.658487
0.857822 0.489129 0.157780 0.560336
0.009470 0.886504 0.462624 0.679071
-0.848658 0.501068 0.169444 0.565624
0.497523 0.765359 0.408284 0.652089
-0.492679 0.767081 0.410918 0.652514
0.858842 0.471879 0.199302 0.552395
0.000019 0.865320 0.501220 0.674739
-0.859058 0.470724 0.201092 0.551850
0.494208 0.754425 0.431974 0.649361
-0.499254 0.751571 0.431146 0.648640
0.858481 0.461461 0.223750 0.547417
-0.005840 0.852008 0.523496 0.671940
-0.864509 0.452202 0.219404 0.542872
0.490344 0.742797 0.455869 0.646400
-0.505728 0.735161 0.451416 0.644420
0.857430 0.450607 0.248529 0.542078
-0.011914 0.837844 0.545780 0.668893
-0.869481 0.432953 0.237813 0.533036
0.485981 0.730475 0.479821 0.643191
-0.512001 0.717925 0.471635 0.639845
0.855693 0.439313 0.273485 0.536346
-0.018115 0.822865 0.567948 0.665591
-0.873891 0.413095 0.256255 0.522298
0.481179 0.717473 0.503686 0.639723
-0.517973 0.699945 0.491711 0.634908
0.853289 0.427576 0.298458 0.530190
-0.024349 0.807122 0.589883 0.662029
-0.877666 0.392757 0.274671 0.510618
0.476010 0.703811 0.527318 0.635984
-0.523549 0.681323 0.511562 0.629609
0.850252 0.415399 0.323288 0.523577
-0.030516 0.790679 0.611469 0.658203
-0.880741 0.372081 0.293005 0.497960
0.470554 0.689522 0.550579 0.631966
-0.528638 0.662169 0.531107 0.623948
0.846629 0.402792 0.347818 0.516472
-0.036516 0.773614 0.632604 0.654113
-0.883063 0.351213 0.311206 0.484295
0.462051 0.666991 0.584493 0.625394
-0.535151 0.632713 0.559720 0.614794
0.840257 0.383059 0.383712 0.504784
-0.044934 0.747029 0.663271 0.647485
-0.885028 0.319910 0.338207 0.461887
0.456347 0.651289 0.606276 0.620632
-0.538603 0.612794 0.578265 0.608272
0.835507 0.369356 0.406822 0.496228
-0.049981 0.728788 0.682912 0.642746
-0.885275 0.299286 0.355972 0.445687
0.450743 0.635112 0.627266 0.615561
-0.541259 0.592816 0.596328 0.601438
0.830457 0.355249 0.429115 0.487012
-0.054465 0.710266 0.701824 0.637763
-0.884663 0.279045 0.373504 0.428514
0.445343 0.618542 0.647361 0.610183
-0.543069 0.572932 0.613861 0.594325
0.825199 0.340785 0.450457 0.477099
-0.058302 0.691589 0.719935 0.632554
-0.883201 0.259351 0.390759 0.410432
0.440246 0.601673 0.666464 0.604505
-0.543998 0.553299 0.630814 0.586973
0.437840 0.593160 0.675616 0.601558
-0.544127 0.543626 0.639059 0.583223
0.435544 0.584615 0.684490 0.598543
-0.544033 0.534075 0.647141 0.579433
0.433368 0.576052 0.693077 0.595463
-0.543716 0.524665 0.655056 0.575612
0.431324 0.567487 0.701369 0.592320
-0.543176 0.515418 0.662800 0.571769
0.429425 0.558934 0.709357 0.589118
-0.542412 0.506353 0.670370 0.567913
0.425398 0.537687 0.727962 0.580877
-0.539517 0.484618 0.688525 0.558294
0.424104 0.529284 0.734843 0.577499
-0.537973 0.476345 0.695472 0.554486
0.423003 0.520962 0.741396 0.574083
-0.536214 0.468341 0.702233 0.550720
-0.064817 0.588412 0.805959 0.599890
0.421410 0.504627 0.753502 0.567169
-0.532083 0.453209 0.715184 0.543372
-0.062882 0.572501 0.817489 0.594167
0.420667 0.488831 0.764254 0.560202
-0.527189 0.439361 0.727347 0.536371
-0.060029 0.557586 0.827946 0.588607
0.420797 0.473724 0.773637 0.553262
-0.521618 0.426921 0.738684 0.529840
-0.056309 0.543812 0.837316 0.583296
0.421800 0.459464 0.781650 0.546447
-0.515477 0.415993 0.749155 0.523905
-0.051786 0.531318 0.845588 0.578323
0.423677 0.446193 0.788296 0.539859
-0.508865 0.406675 0.758730 0.518689
-0.046508 0.520226 0.852762 0.573778
0.428131 0.428409 0.795719 0.530634
-0.498260 0.395895 0.771365 0.512468
-0.037310 0.506447 0.861464 0.567954
0.432157 0.418147 0.798995 0.525090
-0.490887 0.390929 0.778591 0.509532
-0.030448 0.499308 0.865889 0.564855
0.436975 0.409299 0.800954 0.520172
-0.483405 0.387792 0.784817 0.507653
-0.023118 0.493900 0.869211 0.562469
0.442515 0.401970 0.801624 0.515999
-0.475937 0.386502 0.790000 0.506875
-0.015445 0.490284 0.871426 0.560854
0.448676 0.396264 0.801039 0.512684
-0.468624 0.387049 0.794094 0.507206
-0.007575 0.488499 0.872531 0.560052
0.455351 0.392265 0.799240 0.510326
-0.461597 0.389407 0.797051 0.508622
0.000367 0.488568 0.872526 0.560083
0.462441 0.390026 0.796259 0.508993
-0.454960 0.393537 0.798837 0.511079
0.008269 0.490485 0.871410 0.560945
