North 0.0 0.0 -150.0 10.74e-4 11.18e-4 0.007e-4
East 150.0 0.0 0.0 10.54e-4 11.33e-4 0.83e-4
South 0.0 0.0 150.0 9.64e-4 12.22e-4 0.006e-4
West -150.0 0.0 0.0 10.67e-4 11.49e-4 -0.81e-4

North 0.0 0.0 -300.0 6.91e-4 7.71e-4 0.003e-4
East 300.0 0.0 0.0 6.71e-4 8.21e-4 0.63e-4
South 0.0 0.0 300.0 5.83e-4 9.18e-4 0.003e-4
West -300.0 0.0 0.0 6.57e-4 8.21e-4 -0.67e-4

North 0.0 0.0 -600.0 3.98e-4 4.34e-4 0.005e-4
East 600.0 0.0 0.0 3.80e-4 4.59e-4 0.94e-4
South 0.0 0.0 600.0 3.67e-4 5.59e-4 0.004e-4
West -600.0 0.0 0.0 3.82e-4 4.59e-4 -0.97e-4

North 0.0 0.0 -900.0 2.69e-4 3.11e-4 0.001e-4
East 900.0 0.0 0.0 2.91e-4 3.60e-4 0.66e-4
South 0.0 0.0 900.0 3.08e-4 4.82e-4 0.002e-4
West -900.0 0.0 0.0 2.91e-4 3.60e-4 -0.65e-4

North 0.0 0.0 -1200.0 2.04e-4 2.22e-4 0.002e-4
East 1200.00 0.0 0.0 2.16e-4 2.52e-4 0.71e-4
South 0.0 0.0 1200.00 2.10e-4 3.69e-4 0.002e-4
West -1200.00 0.0 0.0 2.16e-4 2.52e-4 -0.73e-4